   0.2000000      0.0000000E+00   1.020534      0.0000000E+00
   0.2000000      0.1571570      0.7516803     -0.1773706    
   0.2000000      0.3143140      0.6163793     -0.1293737    
   0.2000000      0.4714710      0.5380682     -6.5093555E-02
   0.2000000      0.6286290      0.4823424     -4.0334305E-03
   0.2000000      0.7857860      0.4360731      5.1021378E-02
   0.2000000      0.9429430      0.3935947      9.9852405E-02
   0.2000000       1.100100      0.3522815      0.1426167    
   0.2000000       1.257257      0.3109216      0.1794607    
   0.2000000       1.414414      0.2690352      0.2104745    
   0.2000000       1.571572      0.2265549      0.2357138    
   0.2000000       1.728729      0.1836601      0.2552271    
   0.2000000       1.885886      0.1406820      0.2690828    
   0.2000000       2.043043      9.8045729E-02  0.2773853    
   0.2000000       2.200200      5.6230459E-02  0.2802890    
   0.2000000       2.357357      1.5740415E-02  0.2780041    
   0.2000000       2.514515     -2.2917684E-02  0.2708011    
   0.2000000       2.671672     -5.9252385E-02  0.2590118    
   0.2000000       2.828829     -9.2803322E-02  0.2430245    
   0.2000000       2.985986     -0.1231531      0.2232822    
   0.2000000       3.143143     -0.1499380      0.2002742    
   0.2000000       3.300300     -0.1728557      0.1745285    
   0.2000000       3.457457     -0.1916721      0.1466036    
   0.2000000       3.614615     -0.2062252      0.1170777    
   0.2000000       3.771772     -0.2164283      8.6539887E-02
   0.2000000       3.928929     -0.2222710      5.5578128E-02
   0.2000000       4.086086     -0.2238183      2.4770346E-02
   0.2000000       4.243243     -0.2212076     -5.3268191E-03
   0.2000000       4.400400     -0.2146462     -3.4186512E-02
   0.2000000       4.557558     -0.2044055     -6.1321441E-02
   0.2000000       4.714715     -0.1908149     -8.6290911E-02
   0.2000000       4.871872     -0.1742543     -0.1087087    
   0.2000000       5.029029     -0.1551460     -0.1282484    
   0.2000000       5.186186     -0.1339457     -0.1446478    
   0.2000000       5.343343     -0.1111338     -0.1577124    
   0.2000000       5.500501     -8.7204754E-02 -0.1673175    
   0.2000000       5.657658     -6.2658019E-02 -0.1734076    
   0.2000000       5.814815     -3.7988305E-02 -0.1759971    
   0.2000000       5.971972     -1.3675993E-02 -0.1751672    
   0.2000000       6.129129      9.8214513E-03 -0.1710623    
   0.2000000       6.286286      3.2078128E-02 -0.1638856    
   0.2000000       6.443443      5.2706141E-02 -0.1538939    
   0.2000000       6.600601      7.1363427E-02 -0.1413905    
   0.2000000       6.757758      8.7758020E-02 -0.1267185    
   0.2000000       6.914915      0.1016532     -0.1102517    
   0.2000000       7.072072      0.1128702     -9.2387132E-02
   0.2000000       7.229229      0.1212903     -7.3536545E-02
   0.2000000       7.386386      0.1268547     -5.4117415E-02
   0.2000000       7.543544      0.1295650     -3.4543823E-02
   0.2000000       7.700701      0.1294810     -1.5219227E-02
   0.2000000       7.857858      0.1267169      3.4720264E-03
   0.2000000       8.015015      0.1214383      2.1172432E-02
   0.2000000       8.172172      0.1138573      3.7557095E-02
   0.2000000       8.329329      0.1042256      5.2339707E-02
   0.2000000       8.486486      9.2829160E-02  6.5277711E-02
   0.2000000       8.643644      7.9980709E-02  7.6175258E-02
   0.2000000       8.800801      6.6012628E-02  8.4886402E-02
   0.2000000       8.957958      5.1268566E-02  9.1317065E-02
   0.2000000       9.115115      3.6097262E-02  9.5423967E-02
   0.2000000       9.272272      2.0843059E-02  9.7215854E-02
   0.2000000       9.429429      5.8407490E-03  9.6750028E-02
   0.2000000       9.586587     -8.5931439E-03  9.4130479E-02
   0.2000000       9.743744     -2.2164958E-02  8.9504689E-02
   0.2000000       9.900901     -3.4610786E-02  8.3057448E-02
   0.2000000       10.05806     -4.5700807E-02  7.5007528E-02
   0.2000000       10.21521     -5.5243131E-02  6.5600522E-02
   0.2000000       10.37237     -6.3086897E-02  5.5103440E-02
   0.2000000       10.52953     -6.9124237E-02  4.3797519E-02
   0.2000000       10.68669     -7.3291659E-02  3.1972364E-02
   0.2000000       10.84384     -7.5569429E-02  1.9918809E-02
   0.2000000       11.00100     -7.5981215E-02  7.9221698E-03
   0.2000000       11.15816     -7.4592136E-02 -3.7433268E-03
   0.2000000       11.31532     -7.1505807E-02 -1.4820852E-02
   0.2000000       11.47247     -6.6860914E-02 -2.5075814E-02
   0.2000000       11.62963     -6.0826879E-02 -3.4301199E-02
   0.2000000       11.78679     -5.3599391E-02 -4.2320177E-02
   0.2000000       11.94394     -4.5394786E-02 -4.8990492E-02
   0.2000000       12.10110     -3.6445107E-02 -5.4205719E-02
   0.2000000       12.25826     -2.6991041E-02 -5.7897355E-02
   0.2000000       12.41541     -1.7277472E-02 -6.0034592E-02
   0.2000000       12.57257     -7.5472407E-03 -6.0624152E-02
   0.2000000       12.72973      1.9648029E-03 -5.9709452E-02
   0.2000000       12.88689      1.1036578E-02 -5.7367805E-02
   0.2000000       13.04404      1.9463887E-02 -5.3708021E-02
   0.2000000       13.20120      2.7064569E-02 -4.8866782E-02
   0.2000000       13.35836      3.3681531E-02 -4.3004882E-02
   0.2000000       13.51552      3.9187506E-02 -3.6302324E-02
   0.2000000       13.67267      4.3484628E-02 -2.8953945E-02
   0.2000000       13.82983      4.6508614E-02 -2.1164369E-02
   0.2000000       13.98699      4.8227064E-02 -1.3142161E-02
   0.2000000       14.14414      4.8641268E-02 -5.0954754E-03
   0.2000000       14.30130      4.7783468E-02  2.7727417E-03
   0.2000000       14.45846      4.5717455E-02  1.0270330E-02
   0.2000000       14.61562      4.2533420E-02  1.7219767E-02
   0.2000000       14.77277      3.8347594E-02  2.3462016E-02
   0.2000000       14.92993      3.3297457E-02  2.8859798E-02
   0.2000000       15.08709      2.7538151E-02  3.3300787E-02
   0.2000000       15.24424      2.1238439E-02  3.6699716E-02
   0.2000000       15.40140      1.4575970E-02  3.8999103E-02
   0.2000000       15.55856      7.7326824E-03  4.0170897E-02
   0.2000000       15.71572      8.9074828E-04  4.0215671E-02
   0.2000000       15.87287     -5.7724435E-03  3.9162382E-02
   0.2000000       16.03003     -1.2087977E-02  3.7067112E-02
   0.2000000       16.18719     -1.7900450E-02  3.4010667E-02
   0.2000000       16.34434     -2.3069788E-02  3.0096374E-02
   0.2000000       16.50150     -2.7476398E-02  2.5446946E-02
   0.2000000       16.65866     -3.1021781E-02  2.0200759E-02
   0.2000000       16.81582     -3.3631712E-02  1.4508580E-02
   0.2000000       16.97297     -3.5257474E-02  8.5296500E-03
   0.2000000       17.13013     -3.5875957E-02  2.4262418E-03
   0.2000000       17.28729     -3.5490457E-02 -3.6380058E-03
   0.2000000       17.44444     -3.4129608E-02 -9.5047150E-03
   0.2000000       17.60160     -3.1846337E-02 -1.5023073E-02
   0.2000000       17.75876     -2.8716179E-02 -2.0053523E-02
   0.2000000       17.91592     -2.4834817E-02 -2.4472069E-02
   0.2000000       18.07307     -2.0315556E-02 -2.8171800E-02
   0.2000000       18.23023     -1.5286049E-02 -3.1065986E-02
   0.2000000       18.38739     -9.8848613E-03 -3.3090021E-02
   0.2000000       18.54454     -4.2578829E-03 -3.4202062E-02
   0.2000000       18.70170      1.4450490E-03 -3.4384605E-02
   0.2000000       18.85886      7.0746304E-03 -3.3643071E-02
   0.2000000       19.01602      1.2485656E-02 -3.2007441E-02
   0.2000000       19.17317      1.7539965E-02 -2.9529030E-02
   0.2000000       19.33033      2.2110298E-02 -2.6280249E-02
   0.2000000       19.48749      2.6083594E-02 -2.2352109E-02
   0.2000000       19.64465      2.9362792E-02 -1.7851807E-02
   0.2000000       19.80180      3.1869538E-02 -1.2899265E-02
   0.2000000       19.95896      3.3546370E-02 -7.6248599E-03
   0.2000000       20.11612      3.4356374E-02 -2.1655811E-03
   0.2000000       20.27327      3.4285758E-02  3.3383742E-03
   0.2000000       20.43043      3.3342380E-02  8.7476205E-03
   0.2000000       20.58759      3.1556085E-02  1.3925605E-02
   0.2000000       20.74475      2.8977061E-02  1.8743724E-02
   0.2000000       20.90190      2.5675915E-02  2.3083219E-02
   0.2000000       21.05906      2.1739103E-02  2.6838325E-02
   0.2000000       21.21622      1.7269319E-02  2.9919116E-02
   0.2000000       21.37337      1.2380640E-02  3.2252677E-02
   0.2000000       21.53053      7.1974653E-03  3.3785917E-02
   0.2000000       21.68769      1.8493808E-03  3.4485109E-02
   0.2000000       21.84484     -3.5302409E-03  3.4338471E-02
   0.2000000       22.00200     -8.8090822E-03  3.3354148E-02
   0.2000000       22.15916     -1.3857783E-02  3.1561412E-02
   0.2000000       22.31632     -1.8554293E-02  2.9009324E-02
   0.2000000       22.47347     -2.2785582E-02  2.5764592E-02
   0.2000000       22.63063     -2.6451129E-02  2.1910742E-02
   0.2000000       22.78779     -2.9465947E-02  1.7544953E-02
   0.2000000       22.94494     -3.1760342E-02  1.2776872E-02
   0.2000000       23.10210     -3.3283457E-02  7.7244206E-03
   0.2000000       23.25926     -3.4003191E-02  2.5119435E-03
   0.2000000       23.41642     -3.3908065E-02 -2.7338010E-03
   0.2000000       23.57357     -3.3005573E-02 -7.8859692E-03
   0.2000000       23.73073     -3.1323176E-02 -1.2821281E-02
   0.2000000       23.88789     -2.8906828E-02 -1.7422477E-02
   0.2000000       24.04505     -2.5819862E-02 -2.1581739E-02
   0.2000000       24.20220     -2.2141326E-02 -2.5202489E-02
   0.2000000       24.35936     -1.7963976E-02 -2.8202329E-02
   0.2000000       24.51652     -1.3391334E-02 -3.0514140E-02
   0.2000000       24.67367     -8.5358545E-03 -3.2088395E-02
   0.2000000       24.83083     -3.5163369E-03 -3.2893542E-02
   0.2000000       24.98799      1.5469650E-03 -3.2916538E-02
   0.2000000       25.14515      6.5325983E-03 -3.2164145E-02
   0.2000000       25.30230      1.1322214E-02 -3.0660471E-02
   0.2000000       25.45946      1.5804164E-02 -2.8448408E-02
   0.2000000       25.61662      1.9874236E-02 -2.5586858E-02
   0.2000000       25.77377      2.3439543E-02 -2.2150019E-02
   0.2000000       25.93093      2.6420390E-02 -1.8225074E-02
   0.2000000       26.08809      2.8751075E-02 -1.3910084E-02
   0.2000000       26.24524      3.0383313E-02 -9.3114804E-03
   0.2000000       26.40240      3.1284973E-02 -4.5413361E-03
   0.2000000       26.55956      3.1442553E-02  2.8517854E-04
   0.2000000       26.71672      3.0859597E-02  5.0528604E-03
   0.2000000       26.87387      2.9558623E-02  9.6493363E-03
   0.2000000       27.03103      2.7577698E-02  1.3966930E-02
   0.2000000       27.18819      2.4971491E-02  1.7906163E-02
   0.2000000       27.34534      2.1809436E-02  2.1378146E-02
   0.2000000       27.50250      1.8172694E-02  2.4305006E-02
   0.2000000       27.65966      1.4153140E-02  2.6623538E-02
   0.2000000       27.81682      9.8512573E-03  2.8286101E-02
   0.2000000       27.97397      5.3728973E-03  2.9260762E-02
   0.2000000       28.13113      8.2671607E-04  2.9532565E-02
   0.2000000       28.28829     -3.6782217E-03  2.9103708E-02
   0.2000000       28.44544     -8.0349362E-03  2.7992817E-02
   0.2000000       28.60260     -1.2140979E-02  2.6235685E-02
   0.2000000       28.75976     -1.5901580E-02  2.3881681E-02
   0.2000000       28.91692     -1.9231301E-02  2.0995207E-02
   0.2000000       29.07407     -2.2056144E-02  1.7652417E-02
   0.2000000       29.23123     -2.4314685E-02  1.3939015E-02
   0.2000000       29.38839     -2.5960641E-02  9.9490341E-03
   0.2000000       29.54555     -2.6962573E-02  5.7817716E-03
   0.2000000       29.70270     -2.7304813E-02  1.5403604E-03
   0.2000000       29.85986     -2.6987869E-02 -2.6727654E-03
   0.2000000       30.01702     -2.6029173E-02 -6.7562875E-03
   0.2000000       30.17417     -2.4459606E-02 -1.0613095E-02
   0.2000000       30.33133     -2.2326160E-02 -1.4153781E-02
   0.2000000       30.48849     -1.9687848E-02 -1.7296607E-02
   0.2000000       30.64565     -1.6615873E-02 -1.9971034E-02
   0.2000000       30.80280     -1.3190510E-02 -2.2119330E-02
   0.2000000       30.95996     -9.4998395E-03 -2.3695596E-02
   0.2000000       31.11712     -5.6374199E-03 -2.4670102E-02
   0.2000000       31.27427     -1.6994511E-03 -2.5027568E-02
   0.2000000       31.43143      2.2164600E-03 -2.4767427E-02
   0.2000000       31.58859      6.0156216E-03 -2.3905117E-02
   0.2000000       31.74575      9.6061099E-03 -2.2469753E-02
   0.2000000       31.90290      1.2903672E-02 -2.0504497E-02
   0.2000000       32.06006      1.5830377E-02 -1.8065050E-02
   0.2000000       32.21722      1.8320216E-02 -1.5217514E-02
   0.2000000       32.37437      2.0317633E-02 -1.2037781E-02
   0.2000000       32.53153      2.1780474E-02 -8.6085321E-03
   0.2000000       32.68869      2.2679387E-02 -5.0178166E-03
   0.2000000       32.84584      2.3000071E-02 -1.3566341E-03
   0.2000000       33.00300      2.2741903E-02  2.2839378E-03
   0.2000000       33.16016      2.1919088E-02  5.8137230E-03
   0.2000000       33.31732      2.0559428E-02  9.1467341E-03
   0.2000000       33.47448      1.8703599E-02  1.2202378E-02
   0.2000000       33.63163      1.6403597E-02  1.4908292E-02
   0.2000000       33.78879      1.3723074E-02  1.7202307E-02
   0.2000000       33.94595      1.0733155E-02  1.9031145E-02
   0.2000000       34.10310      7.5118938E-03  2.0355821E-02
   0.2000000       34.26026      4.1425531E-03  2.1149240E-02
   0.2000000       34.41742      7.1191695E-04  2.1397423E-02
   0.2000000       34.57457     -2.6944429E-03  2.1100700E-02
   0.2000000       34.73173     -5.9913318E-03  2.0272870E-02
   0.2000000       34.88889     -9.0970937E-03  1.8940393E-02
   0.2000000       35.04605     -1.1935922E-02  1.7142626E-02
   0.2000000       35.20320     -1.4439702E-02  1.4929870E-02
   0.2000000       35.36036     -1.6549274E-02  1.2361018E-02
   0.2000000       35.51752     -1.8215502E-02  9.5053529E-03
   0.2000000       35.67467     -1.9401100E-02  6.4370069E-03
   0.2000000       35.83183     -2.0080999E-02  3.2359289E-03
   0.2000000       35.98899     -2.0243222E-02 -1.7293278E-05
   0.2000000       36.14614     -1.9888535E-02 -3.2389457E-03
   0.2000000       36.30330     -1.9030284E-02 -6.3492623E-03
   0.2000000       36.46046     -1.7695274E-02 -9.2705851E-03
   0.2000000       36.61762     -1.5920961E-02 -1.1931187E-02
   0.2000000       36.77478     -1.3756004E-02 -1.4266152E-02
   0.2000000       36.93193     -1.1257916E-02 -1.6219711E-02
   0.2000000       37.08909     -8.4925853E-03 -1.7745931E-02
   0.2000000       37.24625     -5.5315029E-03 -1.8809343E-02
   0.2000000       37.40340     -2.4506762E-03 -1.9387539E-02
   0.2000000       37.56056      6.7115569E-04 -1.9469094E-02
   0.2000000       37.71772      3.7559019E-03 -1.9055931E-02
   0.2000000       37.87487      6.7253462E-03 -1.8162204E-02
   0.2000000       38.03203      9.5062358E-03 -1.6812924E-02
   0.2000000       38.18919      1.2030278E-02 -1.5046324E-02
   0.2000000       38.34635      1.4235557E-02 -1.2908476E-02
   0.2000000       38.50351      1.6068663E-02 -1.0456046E-02
   0.2000000       38.66066      1.7486822E-02 -7.7525871E-03
   0.2000000       38.81782      1.8455746E-02 -4.8666880E-03
   0.2000000       38.97498      1.8955125E-02 -1.8726210E-03
   0.2000000       39.13213      1.8974867E-02  1.1544488E-03
   0.2000000       39.28929      1.8517276E-02  4.1387328E-03
   0.2000000       39.44645      1.7596217E-02  7.0059523E-03
   0.2000000       39.60360      1.6237788E-02  9.6851485E-03
   0.2000000       39.76076      1.4478111E-02  1.2109991E-02
   0.2000000       39.91792      1.2362932E-02  1.4221957E-02
   0.2000000       40.07507      9.9471575E-03  1.5970243E-02
   0.2000000       40.23223      7.2925505E-03  1.7312979E-02
   0.2000000       40.38939      4.4656554E-03  1.8218283E-02
   0.2000000       40.54655      1.5385423E-03  1.8667305E-02
   0.2000000       40.70370     -1.4163150E-03  1.8649712E-02
   0.2000000       40.86086     -4.3249805E-03  1.8169027E-02
   0.2000000       41.01802     -7.1158069E-03  1.7239660E-02
   0.2000000       41.17517     -9.7207315E-03  1.5886215E-02
   0.2000000       41.33233     -1.2075269E-02  1.4144771E-02
   0.2000000       41.48949     -1.4123158E-02  1.2059847E-02
   0.2000000       41.64665     -1.5815267E-02  9.6843988E-03
   0.2000000       41.80380     -1.7111462E-02  7.0790988E-03
   0.2000000       41.96096     -1.7981296E-02  4.3089595E-03
   0.2000000       42.11812     -1.8405803E-02  1.4428473E-03
   0.2000000       42.27528     -1.8376786E-02 -1.4479017E-03
   0.2000000       42.43243     -1.7897096E-02 -4.2921863E-03
   0.2000000       42.58959     -1.6980225E-02 -7.0203175E-03
   0.2000000       42.74675     -1.5651401E-02 -9.5658116E-03
   0.2000000       42.90390     -1.3944669E-02 -1.1867243E-02
   0.2000000       43.06106     -1.1904622E-02 -1.3869579E-02
   0.2000000       43.21822     -9.5823389E-03 -1.5524649E-02
   0.2000000       43.37537     -7.0364904E-03 -1.6793987E-02
   0.2000000       43.53253     -4.3298542E-03 -1.7648408E-02
   0.2000000       43.68969     -1.5302090E-03 -1.8069429E-02
   0.2000000       43.84685      1.2939821E-03 -1.8048692E-02
   0.2000000       44.00401      4.0731290E-03 -1.7589128E-02
   0.2000000       44.16116      6.7396970E-03 -1.6704360E-02
   0.2000000       44.31832      9.2297550E-03 -1.5418442E-02
   0.2000000       44.47548      1.1482746E-02 -1.3764816E-02
   0.2000000       44.63263      1.3445510E-02 -1.1785687E-02
   0.2000000       44.78979      1.5071495E-02 -9.5316209E-03
   0.2000000       44.94695      1.6323010E-02 -7.0585394E-03
   0.2000000       45.10410      1.7172141E-02 -4.4283471E-03
   0.2000000       45.26126      1.7600225E-02 -1.7063492E-03
   0.2000000       45.41842      1.7599404E-02  1.0413321E-03
   0.2000000       45.57558      1.7172687E-02  3.7469324E-03
   0.2000000       45.73273      1.6332248E-02  6.3449205E-03
   0.2000000       45.88989      1.5101526E-02  8.7731779E-03
   0.2000000       46.04705      1.3513024E-02  1.0972975E-02
   0.2000000       46.20420      1.1607490E-02  1.2893169E-02
   0.2000000       46.36136      9.4338413E-03  1.4488156E-02
   0.2000000       46.51852      7.0461789E-03  1.5720379E-02
   0.2000000       46.67567      4.5047179E-03  1.6564110E-02
   0.2000000       46.83283      1.8723124E-03  1.6999900E-02
   0.2000000       46.98999     -7.8719581E-04  1.7020397E-02
   0.2000000       47.14715     -3.4078488E-03  1.6628215E-02
   0.2000000       47.30430     -5.9271320E-03  1.5835689E-02
   0.2000000       47.46146     -8.2829585E-03  1.4664639E-02
   0.2000000       47.61862     -1.0420143E-02  1.3146375E-02
   0.2000000       47.77578     -1.2287996E-02  1.1320556E-02
   0.2000000       47.93293     -1.3842477E-02  9.2338221E-03
   0.2000000       48.09009     -1.5047846E-02  6.9384975E-03
   0.2000000       48.24725     -1.5878219E-02  4.4929171E-03
   0.2000000       48.40440     -1.6314901E-02  1.9575453E-03
   0.2000000       48.56156     -1.6350651E-02 -6.0496782E-04
   0.2000000       48.71872     -1.5987772E-02 -3.1318986E-03
   0.2000000       48.87588     -1.5237951E-02 -5.5617769E-03
   0.2000000       49.03303     -1.4122670E-02 -7.8354785E-03
   0.2000000       49.19019     -1.2671256E-02 -9.8994933E-03
   0.2000000       49.34735     -1.0922423E-02 -1.1704555E-02
   0.2000000       49.50451     -8.9212516E-03 -1.3207957E-02
   0.2000000       49.66166     -6.7187389E-03 -1.4375155E-02
   0.2000000       49.81882     -4.3697054E-03 -1.5180610E-02
   0.2000000       49.97598     -1.9336373E-03 -1.5607096E-02
   0.2000000       50.13313      5.2909279E-04 -1.5647328E-02
   0.2000000       50.29029      2.9578721E-03 -1.5302957E-02
   0.2000000       50.44745      5.2938149E-03 -1.4585502E-02
   0.2000000       50.60461      7.4797557E-03 -1.3515306E-02
   0.2000000       50.76176      9.4625233E-03 -1.2122254E-02
   0.2000000       50.91892      1.1196561E-02 -1.0441941E-02
   0.2000000       51.07608      1.2639398E-02 -8.5186884E-03
   0.2000000       51.23323      1.3758191E-02 -6.4012608E-03
   0.2000000       51.39039      1.4528401E-02 -4.1440749E-03
   0.2000000       51.54755      1.4933317E-02 -1.8024656E-03
   0.2000000       51.70470      1.4965427E-02  5.6392187E-04
   0.2000000       51.86186      1.4627647E-02  2.8968584E-03
   0.2000000       52.01902      1.3930240E-02  5.1390249E-03
   0.2000000       52.17617      1.2893244E-02  7.2357464E-03
   0.2000000       52.33333      1.1545015E-02  9.1360835E-03
   0.2000000       52.49049      9.9207927E-03  1.0795012E-02
   0.2000000       52.64765      8.0636842E-03  1.2172326E-02
   0.2000000       52.80481      6.0204784E-03  1.3237009E-02
   0.2000000       52.96196      3.8428816E-03  1.3964207E-02
   0.2000000       53.11912      1.5870491E-03  1.4338403E-02
   0.2000000       53.27628     -6.9131638E-04  1.4353174E-02
   0.2000000       53.43343     -2.9360503E-03  1.4010410E-02
   0.2000000       53.59059     -5.0907778E-03  1.3320748E-02
   0.2000000       53.74775     -7.1031721E-03  1.2304444E-02
   0.2000000       53.90490     -8.9242943E-03  1.0988269E-02
   0.2000000       54.06206     -1.0509480E-02  9.4074290E-03
   0.2000000       54.21922     -1.1821903E-02  7.6023629E-03
   0.2000000       54.37638     -1.2830000E-02  5.6202044E-03
   0.2000000       54.53354     -1.3511655E-02  3.5103941E-03
   0.2000000       54.69069     -1.3850873E-02  1.3268758E-03
   0.2000000       54.84785     -1.3841686E-02 -8.7571010E-04
   0.2000000       55.00500     -1.3486875E-02 -3.0430779E-03
   0.2000000       55.16216     -1.2797082E-02 -5.1203780E-03
   0.2000000       55.31932     -1.1791333E-02 -7.0577464E-03
   0.2000000       55.47647     -1.0496758E-02 -8.8069597E-03
   0.2000000       55.63363     -8.9471946E-03 -1.0326075E-02
   0.2000000       55.79079     -7.1832119E-03 -1.1578117E-02
   0.2000000       55.94795     -5.2485988E-03 -1.2534088E-02
   0.2000000       56.10511     -3.1939482E-03 -1.3171375E-02
   0.2000000       56.26226     -1.0697111E-03 -1.3476100E-02
   0.2000000       56.41942      1.0703850E-03 -1.3441976E-02
   0.2000000       56.57658      3.1725042E-03 -1.3072803E-02
   0.2000000       56.73373      5.1852847E-03 -1.2378651E-02
   0.2000000       56.89089      7.0585692E-03 -1.1378271E-02
   0.2000000       57.04805      8.7469751E-03 -1.0098744E-02
   0.2000000       57.20520      1.0208901E-02 -8.5728206E-03
   0.2000000       57.36236      1.1409688E-02 -6.8401485E-03
   0.2000000       57.51952      1.2320632E-02 -4.9439413E-03
   0.2000000       57.67668      1.2920151E-02 -2.9331301E-03
   0.2000000       57.83384      1.3194959E-02 -8.5780094E-04
   0.2000000       57.99099      1.3139999E-02  1.2308091E-03
   0.2000000       58.14815      1.2758292E-02  3.2802494E-03
   0.2000000       58.30531      1.2060023E-02  5.2391747E-03
   0.2000000       58.46246      1.1064722E-02  7.0608240E-03
   0.2000000       58.61962      9.7976346E-03  8.6989962E-03
   0.2000000       58.77678      8.2923863E-03  1.0115123E-02
   0.2000000       58.93393      6.5860767E-03  1.1274279E-02
   0.2000000       59.09109      4.7231754E-03  1.2149418E-02
   0.2000000       59.24825      2.7496135E-03  1.2719864E-02
   0.2000000       59.40540      7.1527762E-04  1.2973127E-02
   0.2000000       59.56256     -1.3300385E-03  1.2903012E-02
   0.2000000       59.71972     -3.3340293E-03  1.2513846E-02
   0.2000000       59.87688     -5.2492726E-03  1.1816338E-02
   0.2000000       60.03403     -7.0274849E-03  1.0828521E-02
   0.2000000       60.19119     -8.6256089E-03  9.5767779E-03
   0.2000000       60.34835     -1.0004618E-02  8.0922963E-03
   0.2000000       60.50550     -1.1132391E-02  6.4131259E-03
   0.2000000       60.66266     -1.1981145E-02  4.5815343E-03
   0.2000000       60.81982     -1.2530525E-02  2.6431212E-03
   0.2000000       60.97698     -1.2769177E-02  6.4682245E-04
   0.2000000       61.13413     -1.2692405E-02 -1.3589289E-03
   0.2000000       61.29129     -1.2303001E-02 -3.3237983E-03
   0.2000000       61.44845     -1.1611784E-02 -5.1998901E-03
   0.2000000       61.60561     -1.0637415E-02 -6.9413669E-03
   0.2000000       61.76276     -9.4044944E-03 -8.5056229E-03
   0.2000000       61.91992     -7.9445383E-03 -9.8547665E-03
   0.2000000       62.07708     -6.2952978E-03 -1.0956722E-02
   0.2000000       62.23423     -4.4971355E-03 -1.1785180E-02
   0.2000000       62.39139     -2.5953017E-03 -1.2321696E-02
   0.2000000       62.54855     -6.3680898E-04 -1.2553044E-02
   0.2000000       62.70571      1.3298158E-03 -1.2475749E-02
   0.2000000       62.86286      3.2564020E-03 -1.2092249E-02
   0.2000000       63.02002      5.0947196E-03 -1.1413697E-02
   0.2000000       63.17718      6.8013924E-03 -1.0457861E-02
   0.2000000       63.33434      8.3344216E-03 -9.2495829E-03
   0.2000000       63.49149      9.6565485E-03 -7.8194793E-03
   0.2000000       63.64865      1.0737235E-02 -6.2039918E-03
   0.2000000       63.80581      1.1550089E-02 -4.4427719E-03
   0.2000000       63.96296      1.2076720E-02 -2.5807281E-03
   0.2000000       64.12012      1.2304991E-02 -6.6316023E-04
   0.2000000       64.27728      1.2231335E-02  1.2623235E-03
   0.2000000       64.43443      1.1857989E-02  3.1481222E-03
   0.2000000       64.59159      1.1196577E-02  4.9486379E-03
   0.2000000       64.74875      1.0264089E-02  6.6196243E-03
   0.2000000       64.90591      9.0841977E-03  8.1212567E-03
   0.2000000       65.06306      7.6879249E-03  9.4166221E-03
   0.2000000       65.22022      6.1102128E-03  1.0475993E-02
   0.2000000       65.37738      4.3899878E-03  1.1273443E-02
   0.2000000       65.53454      2.5707786E-03  1.1791416E-02
   0.2000000       65.69169      6.9781218E-04  1.2017973E-02
   0.2000000       65.84885     -1.1833204E-03  1.1949399E-02
   0.2000000       66.00600     -3.0259746E-03  1.1588679E-02
   0.2000000       66.16316     -4.7852984E-03  1.0945743E-02
   0.2000000       66.32032     -6.4181387E-03  1.0038578E-02
   0.2000000       66.47748     -7.8853825E-03  8.8898828E-03
   0.2000000       66.63464     -9.1520650E-03  7.5294906E-03
   0.2000000       66.79179     -1.0187840E-02  5.9916205E-03
   0.2000000       66.94895     -1.0968466E-02  4.3152799E-03
   0.2000000       67.10611     -1.1476166E-02  2.5419481E-03
   0.2000000       67.26326     -1.1699821E-02  7.1606773E-04
   0.2000000       67.42042     -1.1635397E-02 -1.1179633E-03
   0.2000000       67.57758     -1.1285256E-02 -2.9135922E-03
   0.2000000       67.73473     -1.0660824E-02 -4.6284739E-03
   0.2000000       67.89189     -9.7779259E-03 -6.2205051E-03
   0.2000000       68.04905     -8.6594597E-03 -7.6507921E-03
   0.2000000       68.20621     -7.3352791E-03 -8.8852001E-03
   0.2000000       68.36337     -5.8381394E-03 -9.8940386E-03
   0.2000000       68.52052     -4.2056055E-03 -1.0654603E-02
   0.2000000       68.67768     -2.4790289E-03 -1.1148836E-02
   0.2000000       68.83483     -7.0110237E-04 -1.1365548E-02
   0.2000000       68.99199      1.0837245E-03 -1.1301950E-02
   0.2000000       69.14915      2.8316786E-03 -1.0960083E-02
   0.2000000       69.30630      4.5003849E-03 -1.0350610E-02
   0.2000000       69.46346      6.0488279E-03 -9.4894599E-03
   0.2000000       69.62062      7.4395025E-03 -8.3994037E-03
   0.2000000       69.77778      8.6382143E-03 -7.1082534E-03
   0.2000000       69.93494      9.6174553E-03 -5.6490777E-03
   0.2000000       70.09209      1.0354089E-02 -4.0591080E-03
   0.2000000       70.24925      1.0830829E-02 -2.3775829E-03
   0.2000000       70.40640      1.1037664E-02 -6.4720685E-04
   0.2000000       70.56356      1.0970798E-02  1.0898934E-03
   0.2000000       70.72072      1.0632609E-02  2.7906178E-03
   0.2000000       70.87788      1.0034014E-02  4.4124234E-03
   0.2000000       71.03503      9.1904858E-03  5.9164297E-03
   0.2000000       71.19219      8.1238281E-03  7.2660563E-03
   0.2000000       71.34935      6.8625957E-03  8.4285820E-03
   0.2000000       71.50651      5.4378994E-03  9.3756663E-03
   0.2000000       71.66367      3.8859246E-03  1.0086074E-02
   0.2000000       71.82082      2.2460250E-03  1.0542859E-02
   0.2000000       71.97798      5.5920845E-04  1.0735963E-02
   0.2000000       72.13513     -1.1325132E-03  1.0661860E-02
   0.2000000       72.29229     -2.7879726E-03  1.0323882E-02
   0.2000000       72.44945     -4.3653036E-03  9.7313207E-03
   0.2000000       72.60661     -5.8264290E-03  8.9003248E-03
   0.2000000       72.76376     -7.1362434E-03  7.8534000E-03
   0.2000000       72.92092     -8.2621947E-03  6.6163810E-03
   0.2000000       73.07808     -9.1775358E-03  5.2210158E-03
   0.2000000       73.23524     -9.8605240E-03  3.7029902E-03
   0.2000000       73.39240     -1.0295838E-02  2.1000027E-03
   0.2000000       73.54955     -1.0473408E-02  4.5265010E-04
   0.2000000       73.70670     -1.0390267E-02 -1.1989528E-03
   0.2000000       73.86386     -1.0048685E-02 -2.8124291E-03
   0.2000000       74.02102     -9.4595170E-03 -4.3490315E-03
   0.2000000       74.17818     -8.6381426E-03 -5.7712919E-03
   0.2000000       74.33533     -7.6052714E-03 -7.0427046E-03
   0.2000000       74.49249     -6.3883001E-03 -8.1348354E-03
   0.2000000       74.64965     -5.0179730E-03 -9.0197446E-03
   0.2000000       74.80681     -3.5282520E-03 -9.6768299E-03
   0.2000000       74.96397     -1.9578133E-03 -1.0091345E-02
   0.2000000       75.12112     -3.4462518E-04 -1.0252696E-02
   0.2000000       75.27827      1.2705587E-03 -1.0159153E-02
   0.2000000       75.43543      2.8478769E-03 -9.8135509E-03
   0.2000000       75.59259      4.3478045E-03 -9.2258602E-03
   0.2000000       75.74975      5.7346537E-03 -8.4104650E-03
   0.2000000       75.90691      6.9737146E-03 -7.3901187E-03
   0.2000000       76.06406      8.0349026E-03 -6.1899074E-03
   0.2000000       76.22122      8.8925753E-03 -4.8407670E-03
   0.2000000       76.37838      9.5266514E-03 -3.3757978E-03
   0.2000000       76.53554      9.9219531E-03 -1.8327928E-03
   0.2000000       76.69270      1.0069650E-02 -2.4996331E-04
   0.2000000       76.84985      9.9666957E-03  1.3340518E-03
   0.2000000       77.00700      9.6176984E-03  2.8791435E-03
   0.2000000       77.16416      9.0306131E-03  4.3481058E-03
   0.2000000       77.32132      8.2219625E-03  5.7034390E-03
   0.2000000       77.47848      7.2127013E-03  6.9137276E-03
   0.2000000       77.63564      6.0274932E-03  7.9484861E-03
   0.2000000       77.79279      4.6972097E-03  8.7823523E-03
   0.2000000       77.94995      3.2544571E-03  9.3966760E-03
   0.2000000       78.10711      1.7366318E-03  9.7765634E-03
   0.2000000       78.26427      1.8007643E-04  9.9125914E-03
   0.2000000       78.42142     -1.3756200E-03  9.8031703E-03
   0.2000000       78.57858     -2.8923503E-03  9.4509861E-03
   0.2000000       78.73573     -4.3332623E-03  8.8680154E-03
   0.2000000       78.89289     -5.6623546E-03  8.0660274E-03
   0.2000000       79.05005     -6.8472819E-03  7.0680697E-03
   0.2000000       79.20721     -7.8590801E-03  5.8978572E-03
   0.2000000       79.36436     -8.6740674E-03  4.5861434E-03
   0.2000000       79.52152     -9.2718797E-03  3.1650176E-03
   0.2000000       79.67868     -9.6392883E-03  1.6701820E-03
   0.2000000       79.83584     -9.7672381E-03  1.3891690E-04
   0.2000000       79.99300     -9.6543878E-03 -1.3910687E-03
   0.2000000       80.15015     -9.3033044E-03 -2.8817097E-03
   0.2000000       80.30730     -8.7240729E-03 -4.2970874E-03
   0.2000000       80.46446     -7.9315314E-03 -5.6019048E-03
   0.2000000       80.62162     -6.9465772E-03 -6.7648469E-03
   0.2000000       80.77878     -5.7929670E-03 -7.7572889E-03
   0.2000000       80.93594     -4.5005474E-03 -8.5550873E-03
   0.2000000       81.09309     -3.1013137E-03 -9.1397287E-03
   0.2000000       81.25025     -1.6304109E-03 -9.4978586E-03
   0.2000000       81.40741     -1.2364311E-04 -9.6209599E-03
   0.2000000       81.56457      1.3805362E-03 -9.5065674E-03
   0.2000000       81.72173      2.8465283E-03 -9.1591077E-03
   0.2000000       81.87888      4.2369985E-03 -8.5875839E-03
   0.2000000       82.03603      5.5191992E-03 -7.8063095E-03
   0.2000000       82.19319      6.6605397E-03 -6.8357298E-03
   0.2000000       82.35035      7.6354477E-03 -5.7004262E-03
   0.2000000       82.50751      8.4186448E-03 -4.4286381E-03
   0.2000000       82.66467      8.9922426E-03 -3.0527909E-03
   0.2000000       82.82182      9.3428222E-03 -1.6068113E-03
   0.2000000       82.97898      9.4623519E-03 -1.2595000E-04
   0.2000000       83.13614      9.3492363E-03  1.3524174E-03
   0.2000000       83.29330      9.0067778E-03  2.7926778E-03
   0.2000000       83.45045      8.4445085E-03  4.1587404E-03
   0.2000000       83.60760      7.6763253E-03  5.4178261E-03
   0.2000000       83.76476      6.7225918E-03  6.5392451E-03
   0.2000000       83.92192      5.6070816E-03  7.4956045E-03
   0.2000000       84.07908      4.3581659E-03  8.2646301E-03
   0.2000000       84.23624      3.0066133E-03  8.8274889E-03
   0.2000000       84.39339      1.5867305E-03  9.1712149E-03
   0.2000000       84.55055      1.3294604E-04  9.2881443E-03
   0.2000000       84.70771     -1.3180110E-03  9.1767581E-03
   0.2000000       84.86487     -2.7312492E-03  8.8401893E-03
   0.2000000       85.02202     -4.0716175E-03  8.2878284E-03
   0.2000000       85.17918     -5.3066551E-03  7.5338976E-03
   0.2000000       85.33633     -6.4065955E-03  6.5981122E-03
   0.2000000       85.49349     -7.3446995E-03  5.5034985E-03
   0.2000000       85.65065     -8.0984905E-03  4.2783711E-03
   0.2000000       85.80781     -8.6496575E-03  2.9525235E-03
   0.2000000       85.96497     -8.9862635E-03  1.5599197E-03
   0.2000000       86.12212     -9.1005377E-03  1.3448077E-04
   0.2000000       86.27928     -8.9901285E-03 -1.2886057E-03
   0.2000000       86.43644     -8.6588413E-03 -2.6733449E-03
   0.2000000       86.59360     -8.1166914E-03 -3.9869701E-03
   0.2000000       86.75075     -7.3773735E-03 -5.1968908E-03
   0.2000000       86.90791     -6.4592683E-03 -6.2742853E-03
   0.2000000       87.06506     -5.3851791E-03 -7.1918666E-03
   0.2000000       87.22222     -4.1835848E-03 -7.9296166E-03
   0.2000000       87.37938     -2.8840289E-03 -8.4683206E-03
   0.2000000       87.53654     -1.5192215E-03 -8.7961443E-03
   0.2000000       87.69370     -1.2261963E-04 -8.9065013E-03
   0.2000000       87.85085      1.2714245E-03 -8.7961657E-03
   0.2000000       88.00801      2.6278673E-03 -8.4698051E-03
   0.2000000       88.16517      3.9137718E-03 -7.9355044E-03
   0.2000000       88.32232      5.0979033E-03 -7.2087608E-03
   0.2000000       88.47948      6.1505600E-03 -6.3070669E-03
   0.2000000       88.63663      7.0477743E-03 -5.2529909E-03
   0.2000000       88.79379      7.7670170E-03 -4.0748599E-03
   0.2000000       88.95095      8.2917307E-03 -2.8002246E-03
   0.2000000       89.10811      8.6094821E-03 -1.4620962E-03
   0.2000000       89.26527      8.7134577E-03 -9.3868322E-05
   0.2000000       89.42242      8.6014206E-03  1.2714347E-03
   0.2000000       89.57958      8.2774693E-03  2.5990768E-03
   0.2000000       89.73674      7.7507701E-03  3.8572869E-03
   0.2000000       89.89389      7.0343181E-03  5.0147288E-03
   0.2000000       90.05105      6.1475420E-03  6.0440078E-03
   0.2000000       90.20821      5.1121302E-03  6.9188545E-03
   0.2000000       90.36536      3.9542033E-03  7.6202322E-03
   0.2000000       90.52252      2.7037838E-03  8.1295716E-03
   0.2000000       90.67968      1.3911267E-03  8.4353294E-03
   0.2000000       90.83684      4.9374641E-05  8.5320733E-03
   0.2000000       90.99400     -1.2883552E-03  8.4168445E-03
   0.2000000       91.15115     -2.5889322E-03  8.0936812E-03
   0.2000000       91.30831     -3.8201828E-03  7.5718653E-03
   0.2000000       91.46546     -4.9518361E-03  6.8647289E-03
   0.2000000       91.62262     -5.9568584E-03  5.9900191E-03
   0.2000000       91.77978     -6.8103466E-03  4.9700998E-03
   0.2000000       91.93694     -7.4921525E-03  3.8317225E-03
   0.2000000       92.09409     -7.9864059E-03  2.6022231E-03
   0.2000000       92.25125     -8.2799960E-03  1.3133837E-03
   0.2000000       92.40841     -8.3683087E-03 -4.2098295E-06
   0.2000000       92.56557     -8.2481848E-03 -1.3156832E-03
   0.2000000       92.72272     -7.9245605E-03 -2.5909038E-03
   0.2000000       92.87988     -7.4058278E-03 -3.7976191E-03
   0.2000000       93.03704     -6.7055854E-03 -4.9046208E-03
   0.2000000       93.19419     -5.8412342E-03 -5.8871782E-03
   0.2000000       93.35135     -4.8360927E-03 -6.7196824E-03
   0.2000000       93.50851     -3.7132816E-03 -7.3837391E-03
   0.2000000       93.66566     -2.5029604E-03 -7.8623137E-03
   0.2000000       93.82282     -1.2349713E-03 -8.1439679E-03
   0.2000000       93.97998      5.9907925E-05 -8.2239993E-03
   0.2000000       94.13714      1.3485854E-03 -8.0991248E-03
   0.2000000       94.29430      2.5998729E-03 -7.7741635E-03
   0.2000000       94.45145      3.7831177E-03 -7.2578546E-03
   0.2000000       94.60861      4.8684468E-03 -6.5632062E-03
   0.2000000       94.76576      5.8296961E-03 -5.7084756E-03
   0.2000000       94.92292      6.6439910E-03 -4.7152485E-03
   0.2000000       95.08008      7.2911941E-03 -3.6076973E-03
   0.2000000       95.23724      7.7550756E-03 -2.4149171E-03
   0.2000000       95.39439      8.0267750E-03 -1.1650949E-03
   0.2000000       95.55155      8.0978442E-03  1.0999574E-04
   0.2000000       95.70871      7.9691345E-03  1.3774805E-03
   0.2000000       95.86587      7.6434514E-03  2.6073086E-03
   0.2000000       96.02303      7.1289246E-03  3.7697600E-03
   0.2000000       96.18018      6.4399815E-03  4.8351740E-03
   0.2000000       96.33733      5.5936528E-03  5.7779085E-03
   0.2000000       96.49449      4.6115154E-03  6.5746987E-03
   0.2000000       96.65165      3.5181134E-03  7.2071878E-03
   0.2000000       96.80881      2.3406376E-03  7.6594749E-03
   0.2000000       96.96597      1.1080761E-03  7.9210205E-03
   0.2000000       97.12312     -1.4791232E-04  7.9865903E-03
   0.2000000       97.28028     -1.3963488E-03  7.8540193E-03
   0.2000000       97.43744     -2.6073379E-03  7.5276536E-03
   0.2000000       97.59460     -3.7509168E-03  7.0160716E-03
   0.2000000       97.75175     -4.7978852E-03  6.3329777E-03
   0.2000000       97.90891     -5.7238508E-03  5.4952172E-03
   0.2000000       98.06606     -6.5065511E-03  4.5239343E-03
   0.2000000       98.22322     -7.1254922E-03  3.4442013E-03
   0.2000000       98.38038     -7.5671840E-03  2.2818460E-03
   0.2000000       98.53754     -7.8210114E-03  1.0662153E-03
   0.2000000       98.69469     -7.8814533E-03 -1.7223551E-04
   0.2000000       98.85185     -7.7465032E-03 -1.4026742E-03
   0.2000000       99.00901     -7.4213445E-03 -2.5956880E-03
   0.2000000       99.16617     -6.9141746E-03 -3.7210425E-03
   0.2000000       99.32333     -6.2376629E-03 -4.7517018E-03
   0.2000000       99.48048     -5.4093581E-03 -5.6620901E-03
   0.2000000       99.63763     -4.4498150E-03 -6.4305137E-03
   0.2000000       99.79479     -3.3832989E-03 -7.0389952E-03
   0.2000000       99.95195     -2.2365001E-03 -7.4713016E-03
   0.2000000       100.1091     -1.0377240E-03 -7.7188388E-03
   0.2000000       100.2663      1.8344881E-04 -7.7753793E-03
   0.2000000       100.4234      1.3962185E-03 -7.6399324E-03
   0.2000000       100.5806      2.5713083E-03 -7.3175118E-03
   0.2000000       100.7377      3.6798527E-03 -6.8151834E-03
   0.2000000       100.8949      4.6946309E-03 -6.1465632E-03
   0.2000000       101.0521      5.5911988E-03 -5.3282990E-03
   0.2000000       101.2092      6.3466108E-03 -4.3816236E-03
   0.2000000       101.3664      6.9443043E-03 -3.3296116E-03
   0.2000000       101.5235      7.3688463E-03 -2.1988640E-03
   0.2000000       101.6807      7.6111876E-03 -1.0172015E-03
   0.2000000       101.8378      7.6653156E-03  1.8626408E-04
   0.2000000       101.9950      7.5299549E-03  1.3813486E-03
   0.2000000       102.1522      7.2103390E-03  2.5381709E-03
   0.2000000       102.3093      6.7143077E-03  3.6304146E-03
   0.2000000       102.4665      6.0547739E-03  4.6284907E-03
   0.2000000       102.6236      5.2473769E-03  5.5102725E-03
   0.2000000       102.7808      4.3143597E-03  6.2540434E-03
   0.2000000       102.9379      3.2774105E-03  6.8412311E-03
   0.2000000       103.0951      2.1628956E-03  7.2582918E-03
   0.2000000       103.2523      9.9955569E-04  7.4953954E-03
   0.2000000       103.4094     -1.8509550E-04  7.5474381E-03
   0.2000000       103.5666     -1.3618578E-03  7.4133212E-03
   0.2000000       103.7237     -2.5007974E-03  7.0973593E-03
   0.2000000       103.8809     -3.5747143E-03  6.6076620E-03
   0.2000000       104.0380     -4.5572710E-03  5.9570502E-03
   0.2000000       104.1952     -5.4243952E-03  5.1620998E-03
   0.2000000       104.3523     -6.1549828E-03  4.2424891E-03
   0.2000000       104.5095     -6.7321565E-03  3.2209882E-03
   0.2000000       104.6667     -7.1409647E-03  2.1244243E-03
   0.2000000       104.8238     -7.3729157E-03  9.7878301E-04
   0.2000000       104.9810     -7.4227178E-03 -1.8689077E-04
   0.2000000       105.1381     -7.2895745E-03 -1.3444735E-03
   0.2000000       105.2953     -6.9768750E-03 -2.4651617E-03
   0.2000000       105.4525     -6.4939181E-03 -3.5210520E-03
   0.2000000       105.6096     -5.8523910E-03 -4.4862409E-03
   0.2000000       105.7668     -5.0688554E-03 -5.3383177E-03
   0.2000000       105.9239     -4.1630422E-03 -6.0552135E-03
   0.2000000       106.0811     -3.1581165E-03 -6.6213040E-03
   0.2000000       106.2382     -2.0784652E-03 -7.0221438E-03
   0.2000000       106.3954     -9.5142791E-04 -7.2476845E-03
   0.2000000       106.5526      1.9560171E-04 -7.2947885E-03
   0.2000000       106.7097      1.3333550E-03 -7.1613211E-03
   0.2000000       106.8669      2.4348253E-03 -6.8521244E-03
   0.2000000       107.0240      3.4722593E-03 -6.3746362E-03
   0.2000000       107.1812      4.4201715E-03 -5.7418277E-03
   0.2000000       107.3383      5.2564107E-03 -4.9690907E-03
   0.2000000       107.4955      5.9597739E-03 -4.0765558E-03
   0.2000000       107.6527      6.5137469E-03 -3.0868102E-03
   0.2000000       107.8098      6.9044363E-03 -2.0241083E-03
   0.2000000       107.9670      7.1244445E-03 -9.1491913E-04
   0.2000000       108.1241      7.1670767E-03  2.1275929E-04
   0.2000000       108.2813      7.0331530E-03  1.3314090E-03
   0.2000000       108.4384      6.7256452E-03  2.4139469E-03
   0.2000000       108.5956      6.2531848E-03  3.4332976E-03
   0.2000000       108.7528      5.6273881E-03  4.3633468E-03
   0.2000000       108.9099      4.8653088E-03  5.1835794E-03
   0.2000000       109.0671      3.9856667E-03  5.8725285E-03
   0.2000000       109.2242      3.0096080E-03  6.4145843E-03
   0.2000000       109.3814      1.9633032E-03  6.7956909E-03
   0.2000000       109.5385      8.7160052E-04  7.0076338E-03
   0.2000000       109.6957     -2.3830232E-04  7.0462348E-03
   0.2000000       109.8529     -1.3388952E-03  6.9098845E-03
   0.2000000       110.0100     -2.4020546E-03  6.6034603E-03
   0.2000000       110.1672     -3.4034692E-03  6.1350288E-03
   0.2000000       110.3243     -4.3162555E-03  5.5160532E-03
   0.2000000       110.4815     -5.1204017E-03  4.7628409E-03
   0.2000000       110.6386     -5.7953037E-03  3.8941009E-03
   0.2000000       110.7958     -6.3250423E-03  2.9316924E-03
   0.2000000       110.9529     -6.6958838E-03  1.9001472E-03
   0.2000000       111.1101     -6.9006099E-03  8.2415226E-04
   0.2000000       111.2673     -6.9335187E-03 -2.6868857E-04
   0.2000000       111.4244     -6.7951400E-03 -1.3515770E-03
   0.2000000       111.5816     -6.4896084E-03 -2.3974532E-03
   0.2000000       111.7387     -6.0235937E-03 -3.3813615E-03
   0.2000000       111.8959     -5.4098275E-03 -4.2788815E-03
   0.2000000       112.0531     -4.6647820E-03 -5.0675720E-03
   0.2000000       112.2102     -3.8055750E-03 -5.7288934E-03
   0.2000000       112.3674     -2.8556497E-03 -6.2462967E-03
   0.2000000       112.5245     -1.8368519E-03 -6.6079693E-03
   0.2000000       112.6817     -7.7657239E-04 -6.8048788E-03
   0.2000000       112.8388      3.0070724E-04 -6.8324907E-03
   0.2000000       112.9960      1.3674281E-03 -6.6915369E-03
   0.2000000       113.1532      2.3969400E-03 -6.3851671E-03
   0.2000000       113.3103      3.3654657E-03 -5.9225694E-03
   0.2000000       113.4675      4.2473418E-03 -5.3136321E-03
   0.2000000       113.6246      5.0219656E-03 -4.5752460E-03
   0.2000000       113.7818      5.6701703E-03 -3.7258035E-03
   0.2000000       113.9389      6.1766789E-03 -2.7861232E-03
   0.2000000       114.0961      6.5285880E-03 -1.7806174E-03
   0.2000000       114.2533      6.7188423E-03 -7.3322456E-04
   0.2000000       114.4104      6.7424779E-03  3.2939776E-04
   0.2000000       114.5676      6.5987073E-03  1.3813706E-03
   0.2000000       114.7247      6.2925522E-03  2.3964616E-03
   0.2000000       114.8819      5.8312272E-03  3.3492311E-03
   0.2000000       115.0390      5.2271271E-03  4.2171790E-03
   0.2000000       115.1962      4.4959690E-03  4.9792170E-03
   0.2000000       115.3534      3.6549612E-03  5.6155240E-03
   0.2000000       115.5105      2.7259542E-03  6.1115301E-03
   0.2000000       115.6677      1.7316514E-03  6.4558955E-03
   0.2000000       115.8248      6.9707009E-04  6.6399141E-03
   0.2000000       115.9820     -3.5234922E-04  6.6590062E-03
   0.2000000       116.1391     -1.3898438E-03  6.5133190E-03
   0.2000000       116.2963     -2.3908946E-03  6.2078433E-03
   0.2000000       116.4535     -3.3302433E-03  5.7490529E-03
   0.2000000       116.6106     -4.1852109E-03  5.1497342E-03
   0.2000000       116.7678     -4.9347458E-03  4.4254102E-03
   0.2000000       116.9249     -5.5610086E-03  3.5928758E-03
   0.2000000       117.0821     -6.0481103E-03  2.6741023E-03
   0.2000000       117.2392     -6.3849385E-03  1.6910331E-03
   0.2000000       117.3964     -6.5635024E-03  6.6929328E-04
   0.2000000       117.5536     -6.5795956E-03 -3.6702125E-04
   0.2000000       117.7107     -6.4333868E-03 -1.3915570E-03
   0.2000000       117.8679     -6.1286232E-03 -2.3792710E-03
   0.2000000       118.0250     -5.6735328E-03 -3.3059847E-03
   0.2000000       118.1822     -5.0795441E-03 -4.1486868E-03
   0.2000000       118.3393     -4.3616886E-03 -4.8875944E-03
   0.2000000       118.4965     -3.5381189E-03 -5.5038445E-03
   0.2000000       118.6537     -2.6294019E-03 -5.9832800E-03
   0.2000000       118.8108     -1.6583595E-03 -6.3131228E-03
   0.2000000       118.9680     -6.4788776E-04 -6.4870347E-03
   0.2000000       119.1251      3.7515484E-04 -6.5007927E-03
   0.2000000       119.2823      1.3864518E-03 -6.3540670E-03
   0.2000000       119.4394      2.3611842E-03 -6.0511171E-03
   0.2000000       119.5966      3.2758212E-03 -5.6000333E-03
   0.2000000       119.7538      4.1065412E-03 -5.0116619E-03
   0.2000000       119.9109      4.8347143E-03 -4.3021273E-03
   0.2000000       120.0681      5.4421183E-03 -3.4878745E-03
   0.2000000       120.2252      5.9135719E-03 -2.5896726E-03
   0.2000000       120.3824      6.2379562E-03 -1.6296546E-03
   0.2000000       120.5395      6.4082588E-03 -6.3268933E-04
   0.2000000       120.6967      6.4197606E-03  3.7794223E-04
   0.2000000       120.8539      6.2732873E-03  1.3765829E-03
   0.2000000       121.0110      5.9729917E-03  2.3386388E-03
   0.2000000       121.1682      5.5259326E-03  3.2399157E-03
   0.2000000       121.3253      4.9442286E-03  4.0590670E-03
   0.2000000       121.4825      4.2423145E-03  4.7775917E-03
   0.2000000       121.6396      3.4378541E-03  5.3754151E-03
   0.2000000       121.7968      2.5511549E-03  5.8391616E-03
   0.2000000       121.9540      1.6027696E-03  6.1580394E-03
   0.2000000       122.1111      6.1827619E-04  6.3242256E-03
   0.2000000       122.2683     -3.7798219E-04  6.3348510E-03
   0.2000000       122.4254     -1.3629923E-03  6.1887279E-03
   0.2000000       122.5826     -2.3115086E-03  5.8911392E-03
   0.2000000       122.7397     -3.2010309E-03  5.4482473E-03
   0.2000000       122.8969     -4.0089143E-03  4.8733917E-03
   0.2000000       123.0541     -4.7158711E-03  4.1801678E-03
   0.2000000       123.2112     -5.3048814E-03  3.3855315E-03
   0.2000000       123.3684     -5.7607768E-03  2.5096484E-03
   0.2000000       123.5255     -6.0737794E-03  1.5745582E-03
   0.2000000       123.6827     -6.2364549E-03  6.0283707E-04
   0.2000000       123.8398     -6.2452438E-03 -3.8031756E-04
   0.2000000       123.9970     -6.0999566E-03 -1.3517831E-03
   0.2000000       124.1542     -5.8047948E-03 -2.2867080E-03
   0.2000000       124.3113     -5.3671841E-03 -3.1629007E-03
   0.2000000       124.4685     -4.7982209E-03 -3.9587142E-03
   0.2000000       124.6256     -4.1132127E-03 -4.6544992E-03
   0.2000000       124.7828     -3.3280258E-03 -5.2335397E-03
   0.2000000       124.9399     -2.4640760E-03 -5.6819762E-03
   0.2000000       125.0971     -1.5413053E-03 -5.9895702E-03
   0.2000000       125.2543     -5.8367662E-04 -6.1478345E-03
   0.2000000       125.4114      3.8656153E-04 -6.1547472E-03
   0.2000000       125.5686      1.3436563E-03 -6.0086311E-03
   0.2000000       125.7257      2.2652126E-03 -5.7159360E-03
   0.2000000       125.8829      3.1282580E-03 -5.2824877E-03
   0.2000000       126.0400      3.9113224E-03 -4.7210217E-03
   0.2000000       126.1972      4.5956983E-03 -4.0427698E-03
   0.2000000       126.3544      5.1652468E-03 -3.2679068E-03
   0.2000000       126.5115      5.6056199E-03 -2.4146044E-03
   0.2000000       126.6687      5.9061465E-03 -1.5042414E-03
   0.2000000       126.8258      6.0597500E-03 -5.5911054E-04
   0.2000000       126.9830      6.0637798E-03  3.9706874E-04
   0.2000000       127.1401      5.9183491E-03  1.3404974E-03
   0.2000000       127.2973      5.6264224E-03  2.2487873E-03
   0.2000000       127.4545      5.1969960E-03  3.0986150E-03
   0.2000000       127.6116      4.6408148E-03  3.8697647E-03
   0.2000000       127.7688      3.9704866E-03  4.5424616E-03
   0.2000000       127.9259      3.2049916E-03  5.1017962E-03
   0.2000000       128.0831      2.3622229E-03  5.5332268E-03
   0.2000000       128.2402      1.4632887E-03  5.8273543E-03
   0.2000000       128.3974      5.3078734E-04  5.9762341E-03
   0.2000000       128.5546     -4.1236772E-04  5.9771095E-03
   0.2000000       128.7117     -1.3427755E-03  5.8302460E-03
   0.2000000       128.8689     -2.2372201E-03  5.5401190E-03
   0.2000000       129.0260     -3.0746502E-03  5.1132157E-03
   0.2000000       129.1832     -3.8329680E-03  4.5619365E-03
   0.2000000       129.3403     -4.4949953E-03  3.8987468E-03
   0.2000000       129.4975     -5.0439630E-03  3.1409767E-03
   0.2000000       129.6546     -5.4670922E-03  2.3080390E-03
   0.2000000       129.8118     -5.7535134E-03  1.4199825E-03
   0.2000000       129.9690     -5.8977026E-03  4.9979304E-04
   0.2000000       130.1261     -5.8952579E-03 -4.3127511E-04
   0.2000000       130.2833     -5.7469448E-03 -1.3490111E-03
   0.2000000       130.4404     -5.4573738E-03 -2.2309597E-03
   0.2000000       130.5976     -5.0334064E-03 -3.0556673E-03
   0.2000000       130.7548     -4.4859718E-03 -3.8027158E-03
   0.2000000       130.9119     -3.8292913E-03 -4.4537042E-03
   0.2000000       131.0691     -3.0793569E-03 -4.9928213E-03
   0.2000000       131.2262     -2.2554826E-03 -5.4079043E-03
   0.2000000       131.3834     -1.3783452E-03 -5.6876070E-03
   0.2000000       131.5405     -4.6771864E-04 -5.8260243E-03
   0.2000000       131.6977      4.5127855E-04 -5.8205305E-03
   0.2000000       131.8549      1.3568151E-03 -5.6710178E-03
   0.2000000       132.0120      2.2268244E-03 -5.3818678E-03
   0.2000000       132.1692      3.0399070E-03 -4.9601397E-03
   0.2000000       132.3263      3.7755265E-03 -4.4166557E-03
   0.2000000       132.4835      4.4164187E-03 -3.7654662E-03
   0.2000000       132.6406      4.9466244E-03 -3.0228242E-03
   0.2000000       132.7978      5.3530801E-03 -2.2074531E-03
   0.2000000       132.9550      5.6269215E-03 -1.3388597E-03
   0.2000000       133.1121      5.7604453E-03 -4.3948783E-04
   0.2000000       133.2693      5.7518529E-03  4.6837315E-04
   0.2000000       133.4264      5.6010373E-03  1.3631018E-03
   0.2000000       133.5836      5.3119911E-03  2.2221024E-03
   0.2000000       133.7407      4.8923385E-03  3.0237858E-03
   0.2000000       133.8979      4.3527656E-03  3.7497522E-03
   0.2000000       134.0551      3.7070662E-03  4.3806979E-03
   0.2000000       134.2122      2.9709807E-03  4.9031847E-03
   0.2000000       134.3694      2.1637150E-03  5.3020660E-03
   0.2000000       134.5265      1.3044942E-03  5.5696000E-03
   0.2000000       134.6837      4.1479684E-04  5.6994115E-03
   0.2000000       134.8408     -4.8305516E-04  5.6877644E-03
   0.2000000       134.9980     -1.3670644E-03  5.5362284E-03
   0.2000000       135.1552     -2.2155202E-03  5.2481843E-03
   0.2000000       135.3123     -3.0072662E-03  4.8309457E-03
   0.2000000       135.4695     -3.7232107E-03  4.2950623E-03
   0.2000000       135.6266     -4.3458273E-03  3.6546360E-03
   0.2000000       135.7838     -4.8594824E-03  2.9261154E-03
   0.2000000       135.9409     -5.2523180E-03  2.1261799E-03
   0.2000000       136.0981     -5.5149328E-03  1.2757172E-03
   0.2000000       136.2552     -5.6403712E-03  3.9579810E-04
   0.2000000       136.4124     -5.6266123E-03 -4.9272570E-04
   0.2000000       136.5696     -5.4745539E-03 -1.3661438E-03
   0.2000000       136.7267     -5.1871790E-03 -2.2047763E-03
   0.2000000       136.8839     -4.7725271E-03 -2.9866917E-03
   0.2000000       137.0410     -4.2416910E-03 -3.6936095E-03
   0.2000000       137.1982     -3.6068358E-03 -4.3079862E-03
   0.2000000       137.3554     -2.8843754E-03 -4.8136995E-03
   0.2000000       137.5125     -2.0927952E-03 -5.2012666E-03
   0.2000000       137.6697     -1.2506584E-03 -5.4589976E-03
   0.2000000       137.8268     -3.8010336E-04 -5.5815862E-03
   0.2000000       137.9840      4.9785699E-04 -5.5659842E-03
   0.2000000       138.1411      1.3618831E-03 -5.4134186E-03
   0.2000000       138.2983      2.1907268E-03 -5.1279985E-03
   0.2000000       138.4555      2.9633769E-03 -4.7169365E-03
   0.2000000       138.6126      3.6612162E-03 -4.1901409E-03
   0.2000000       138.7698      4.2673270E-03 -3.5610674E-03
   0.2000000       138.9269      4.7664526E-03 -2.8463327E-03
   0.2000000       139.0841      5.1476602E-03 -2.0626462E-03
   0.2000000       139.2412      5.4006968E-03 -1.2297326E-03
   0.2000000       139.3984      5.5205277E-03 -3.6855030E-04
   0.2000000       139.5556      5.5035069E-03  4.9995200E-04
   0.2000000       139.7127      5.3516380E-03  1.3530049E-03
   0.2000000       139.8699      5.0676805E-03  2.1721642E-03
   0.2000000       140.0270      4.6591419E-03  2.9349425E-03
   0.2000000       140.1842      4.1381088E-03  3.6241512E-03
   0.2000000       140.3413      3.5149807E-03  4.2230589E-03
   0.2000000       140.4985      2.8074626E-03  4.7155502E-03
   0.2000000       140.6557      2.0322725E-03  5.0910357E-03
   0.2000000       140.8128      1.2086289E-03  5.3399382E-03
   0.2000000       140.9700      3.5734486E-04  5.4569775E-03
   0.2000000       141.1271     -5.0096831E-04  5.4392717E-03
   0.2000000       141.2843     -1.3441361E-03  5.2868947E-03
   0.2000000       141.4414     -2.1531279E-03  5.0053322E-03
   0.2000000       141.5986     -2.9069656E-03  4.6011079E-03
   0.2000000       141.7558     -3.5872885E-03  4.0840008E-03
   0.2000000       141.9129     -4.1770535E-03  3.4682257E-03
   0.2000000       142.0701     -4.6629412E-03  2.7675829E-03
   0.2000000       142.2272     -5.0329422E-03  2.0015489E-03
   0.2000000       142.3844     -5.2771345E-03  1.1871899E-03
   0.2000000       142.5415     -5.3913835E-03  3.4576998E-04
   0.2000000       142.6987     -5.3721522E-03 -5.0176063E-04
   0.2000000       142.8559     -5.2208593E-03 -1.3354513E-03
   0.2000000       143.0130     -4.9411687E-03 -2.1338703E-03
   0.2000000       143.1702     -4.5402749E-03 -2.8772375E-03
   0.2000000       143.3273     -4.0282435E-03 -3.5489260E-03
   0.2000000       143.4845     -3.4181443E-03 -4.1313739E-03
   0.2000000       143.6416     -2.7257192E-03 -4.6095280E-03
   0.2000000       143.7988     -1.9680902E-03 -4.9731391E-03
   0.2000000       143.9560     -1.1628552E-03 -5.2142544E-03
   0.2000000       144.1131     -3.3120130E-04 -5.3247102E-03
   0.2000000       144.2703      5.0568517E-04 -5.3040064E-03
   0.2000000       144.4274      1.3294331E-03 -5.1528150E-03
   0.2000000       144.5846      2.1175237E-03 -4.8751589E-03
   0.2000000       144.7417      2.8511132E-03 -4.4776625E-03
   0.2000000       144.8989      3.5133529E-03 -3.9703255E-03
   0.2000000       145.0561      4.0867417E-03 -3.3666792E-03
   0.2000000       145.2132      4.5576314E-03 -2.6814339E-03
   0.2000000       145.3704      4.9154828E-03 -1.9315928E-03
   0.2000000       145.5275      5.1510190E-03 -1.1361879E-03
   0.2000000       145.6847      5.2585397E-03 -3.1430848E-04
   0.2000000       145.8418      5.2364417E-03  5.1274180E-04
   0.2000000       145.9990      5.0857035E-03  1.3248905E-03
   0.2000000       146.1562      4.8085190E-03  2.1034847E-03
   0.2000000       146.3133      4.4135945E-03  2.8274397E-03
   0.2000000       146.4705      3.9107623E-03  3.4797334E-03
   0.2000000       146.6276      3.3128958E-03  4.0452448E-03
   0.2000000       146.7848      2.6354294E-03  4.5091109E-03
   0.2000000       146.9419      1.8937058E-03  4.8602349E-03
   0.2000000       147.0991      1.1065638E-03  5.0910539E-03
   0.2000000       147.2563      2.9466092E-04  5.1952139E-03
   0.2000000       147.4134     -5.2286393E-04  5.1710098E-03
   0.2000000       147.5706     -1.3256528E-03  5.0193933E-03
   0.2000000       147.7277     -2.0937612E-03  4.7435337E-03
   0.2000000       147.8849     -2.8078936E-03  4.3512480E-03
   0.2000000       148.0420     -3.4517022E-03  3.8529928E-03
   0.2000000       148.1992     -4.0086457E-03  3.2601177E-03
   0.2000000       148.3564     -4.4645020E-03  2.5885724E-03
   0.2000000       148.5135     -4.8100203E-03  1.8544635E-03
   0.2000000       148.6707     -5.0352127E-03  1.0759422E-03
   0.2000000       148.8278     -5.1357215E-03  2.7332417E-04
   0.2000000       148.9850     -5.1089814E-03 -5.3456152E-04
   0.2000000       149.1421     -4.9564992E-03 -1.3280020E-03
   0.2000000       149.2993     -4.6815439E-03 -2.0861202E-03
   0.2000000       149.4565     -4.2915926E-03 -2.7913728E-03
   0.2000000       149.6136     -3.7970825E-03 -3.4254082E-03
   0.2000000       149.7708     -3.2091790E-03 -3.9737220E-03
   0.2000000       149.9279     -2.5434732E-03 -4.4240742E-03
   0.2000000       150.0851     -1.8166180E-03 -4.7621378E-03
   0.2000000       150.2422     -1.0463335E-03 -4.9837301E-03
   0.2000000       150.3994     -2.5147747E-04 -5.0800825E-03
   0.2000000       150.5566      5.4705580E-04 -5.0510797E-03
   0.2000000       150.7137      1.3308636E-03 -4.8973998E-03
   0.2000000       150.8709      2.0802720E-03 -4.6232846E-03
   0.2000000       151.0280      2.7772246E-03 -4.2361021E-03
   0.2000000       151.1852      3.4035780E-03 -3.7441461E-03
   0.2000000       151.3423      3.9442894E-03 -3.1605873E-03
   0.2000000       151.4995      4.3865256E-03 -2.5015888E-03
   0.2000000       151.6567      4.7197486E-03 -1.7802574E-03
   0.2000000       151.8138      4.9349861E-03 -1.0178015E-03
   0.2000000       151.9710      5.0289272E-03 -2.3147237E-04
   0.2000000       152.1281      4.9980232E-03  5.5914081E-04
   0.2000000       152.2853      4.8434832E-03  1.3343276E-03
   0.2000000       152.4424      4.5701922E-03  2.0750461E-03
   0.2000000       152.5996      4.1841180E-03  2.7627388E-03
   0.2000000       152.7568      3.6958479E-03  3.3809987E-03
   0.2000000       152.9139      3.1170801E-03  3.9151674E-03
   0.2000000       153.0711      2.4626248E-03  4.3506841E-03
   0.2000000       153.2282      1.7488153E-03  4.6777767E-03
   0.2000000       153.3854      9.9301827E-04  4.8895222E-03
   0.2000000       153.5425      2.1422812E-04  4.9799671E-03
   0.2000000       153.6997     -5.6858483E-04  4.9478160E-03
   0.2000000       153.8569     -1.3354599E-03  4.7926367E-03
   0.2000000       154.0140     -2.0678332E-03  4.5194696E-03
   0.2000000       154.1712     -2.7479294E-03  4.1363547E-03
   0.2000000       154.3283     -3.3588149E-03  3.6509784E-03
   0.2000000       154.4855     -3.8852899E-03  3.0767212E-03
   0.2000000       154.6426     -4.3157991E-03  2.4278711E-03
   0.2000000       154.7998     -4.6380446E-03  1.7197611E-03
   0.2000000       154.9570     -4.8453268E-03  9.7094366E-04
   0.2000000       155.1141     -4.9335235E-03  2.0028120E-04
   0.2000000       155.2713     -4.8993067E-03 -5.7426532E-04
   0.2000000       155.4284     -4.7435537E-03 -1.3334784E-03
   0.2000000       155.5856     -4.4722981E-03 -2.0576275E-03
   0.2000000       155.7427     -4.0904297E-03 -2.7306476E-03
   0.2000000       155.8999     -3.6091013E-03 -3.3339551E-03
   0.2000000       156.0571     -3.0397840E-03 -3.8545427E-03
   0.2000000       156.2142     -2.3955847E-03 -4.2792205E-03
   0.2000000       156.3714     -1.6944447E-03 -4.5968443E-03
   0.2000000       156.5285     -9.5300982E-04 -4.8009981E-03
   0.2000000       156.6857     -1.8924441E-04 -4.8858705E-03
   0.2000000       156.8428      5.7825033E-04 -4.8504993E-03
   0.2000000       157.0000      1.3291348E-03 -4.6957489E-03
