   0.3000000      0.0000000E+00   1.048196      0.0000000E+00
   0.3000000      0.1571570      0.7591015     -0.1902407    
   0.3000000      0.3143140      0.6193363     -0.1406369    
   0.3000000      0.4714710      0.5408677     -7.5766079E-02
   0.3000000      0.6286290      0.4864931     -1.4793163E-02
   0.3000000      0.7857860      0.4423603      3.9975382E-02
   0.3000000      0.9429430      0.4025423      8.8606872E-02
   0.3000000       1.100100      0.3642783      0.1314340    
   0.3000000       1.257257      0.3262598      0.1687177    
   0.3000000       1.414414      0.2879204      0.2006262    
   0.3000000       1.571572      0.2491081      0.2272656    
   0.3000000       1.728729      0.2099157      0.2487144    
   0.3000000       1.885886      0.1705871      0.2650509    
   0.3000000       2.043043      0.1314588      0.2763712    
   0.3000000       2.200200      9.2922725E-02  0.2828036    
   0.3000000       2.357357      5.5398673E-02  0.2845167    
   0.3000000       2.514515      1.9313268E-02  0.2817252    
   0.3000000       2.671672     -1.4915808E-02  0.2746906    
   0.3000000       2.828829     -4.6894211E-02  0.2637220    
   0.3000000       2.985986     -7.6261789E-02  0.2491736    
   0.3000000       3.143143     -0.1027007      0.2314402    
   0.3000000       3.300300     -0.1259430      0.2109531    
   0.3000000       3.457457     -0.1457761      0.1881726    
   0.3000000       3.614615     -0.1620452      0.1635811    
   0.3000000       3.771772     -0.1746561      0.1376752    
   0.3000000       3.928929     -0.1835759      0.1109558    
   0.3000000       4.086086     -0.1888319      8.3920754E-02
   0.3000000       4.243243     -0.1905109      5.7054609E-02
   0.3000000       4.400400     -0.1887550      3.0820908E-02
   0.3000000       4.557558     -0.1837600      5.6537478E-03
   0.3000000       4.714715     -0.1757694     -1.8048819E-02
   0.3000000       4.871872     -0.1650695     -3.9931644E-02
   0.3000000       5.029029     -0.1519839     -5.9687648E-02
   0.3000000       5.186186     -0.1368661     -7.7061705E-02
   0.3000000       5.343343     -0.1200927     -9.1853328E-02
   0.3000000       5.500501     -0.1020560     -0.1039195    
   0.3000000       5.657658     -8.3156064E-02 -0.1131740    
   0.3000000       5.814815     -6.3793093E-02 -0.1195884    
   0.3000000       5.971972     -4.4359684E-02 -0.1231896    
   0.3000000       6.129129     -2.5233883E-02 -0.1240576    
   0.3000000       6.286286     -6.7721456E-03 -0.1223222    
   0.3000000       6.443443      1.0696698E-02 -0.1181585    
   0.3000000       6.600601      2.6877375E-02 -0.1117817    
   0.3000000       6.757758      4.1512161E-02 -0.1034419    
   0.3000000       6.914915      5.4385491E-02 -9.3417183E-02
   0.3000000       7.072072      6.5326326E-02 -8.2007445E-02
   0.3000000       7.229229      7.4210368E-02 -6.9527753E-02
   0.3000000       7.386386      8.0960616E-02 -5.6300599E-02
   0.3000000       7.543544      8.5547760E-02 -4.2649820E-02
   0.3000000       7.700701      8.7988734E-02 -2.8893808E-02
   0.3000000       7.857858      8.8344403E-02 -1.5338595E-02
   0.3000000       8.015015      8.6717680E-02 -2.2724699E-03
   0.3000000       8.172172      8.3249316E-02  1.0039705E-02
   0.3000000       8.329329      7.8113034E-02  2.1361163E-02
   0.3000000       8.486486      7.1512081E-02  3.1487074E-02
   0.3000000       8.643644      6.3672021E-02  4.0248029E-02
   0.3000000       8.800801      5.4836787E-02  4.7511857E-02
   0.3000000       8.957958      4.5261428E-02  5.3186048E-02
   0.3000000       9.115115      3.5206836E-02  5.7217438E-02
   0.3000000       9.272272      2.4933517E-02  5.9592545E-02
   0.3000000       9.429429      1.4696239E-02  6.0335997E-02
   0.3000000       9.586587      4.7377604E-03  5.9509229E-02
   0.3000000       9.743744     -4.7149681E-03  5.7207331E-02
   0.3000000       9.900901     -1.3456478E-02  5.3555630E-02
   0.3000000       10.05806     -2.1306181E-02  4.8706520E-02
   0.3000000       10.21521     -2.8111333E-02  4.2834442E-02
   0.3000000       10.37237     -3.3750437E-02  3.6131445E-02
   0.3000000       10.52953     -3.8133889E-02  2.8801968E-02
   0.3000000       10.68669     -4.1205849E-02  2.1058043E-02
   0.3000000       10.84384     -4.2944070E-02  1.3113909E-02
   0.3000000       11.00100     -4.3359131E-02  5.1809661E-03
   0.3000000       11.15816     -4.2493887E-02 -2.5369690E-03
   0.3000000       11.31532     -4.0420536E-02 -9.8483218E-03
   0.3000000       11.47247     -3.7238732E-02 -1.6577825E-02
   0.3000000       11.62963     -3.3071812E-02 -2.2570420E-02
   0.3000000       11.78679     -2.8063897E-02 -2.7693640E-02
   0.3000000       11.94394     -2.2375289E-02 -3.1841185E-02
   0.3000000       12.10110     -1.6178329E-02 -3.4933716E-02
   0.3000000       12.25826     -9.6529024E-03 -3.6920767E-02
   0.3000000       12.41541     -2.9821955E-03 -3.7780616E-02
   0.3000000       12.57257      3.6520923E-03 -3.7520308E-02
   0.3000000       12.72973      1.0073934E-02 -3.6174972E-02
   0.3000000       12.88689      1.6117165E-02 -3.3805784E-02
   0.3000000       13.04404      2.1629125E-02 -3.0498140E-02
   0.3000000       13.20120      2.6474386E-02 -2.6359046E-02
   0.3000000       13.35836      3.0536922E-02 -2.1513773E-02
   0.3000000       13.51552      3.3723373E-02 -1.6102776E-02
   0.3000000       13.67267      3.5963960E-02 -1.0277617E-02
   0.3000000       13.82983      3.7214197E-02 -4.1973684E-03
   0.3000000       13.98699      3.7455395E-02  1.9761540E-03
   0.3000000       14.14414      3.6694340E-02  8.0812089E-03
   0.3000000       14.30130      3.4962758E-02  1.3961074E-02
   0.3000000       14.45846      3.2316070E-02  1.9467099E-02
   0.3000000       14.61562      2.8831501E-02  2.4462825E-02
   0.3000000       14.77277      2.4605909E-02  2.8826274E-02
   0.3000000       14.92993      1.9753082E-02  3.2453433E-02
   0.3000000       15.08709      1.4400465E-02  3.5259545E-02
   0.3000000       15.24424      8.6860918E-03  3.7182156E-02
   0.3000000       15.40140      2.7548154E-03  3.8180757E-02
   0.3000000       15.55856     -3.2452485E-03  3.8238365E-02
   0.3000000       15.71572     -9.1658207E-03  3.7361398E-02
   0.3000000       15.87287     -1.4863189E-02  3.5578769E-02
   0.3000000       16.03003     -2.0200493E-02  3.2941315E-02
   0.3000000       16.18719     -2.5051676E-02  2.9519944E-02
   0.3000000       16.34434     -2.9303703E-02  2.5403533E-02
   0.3000000       16.50150     -3.2859895E-02  2.0696869E-02
   0.3000000       16.65866     -3.5641123E-02  1.5517451E-02
   0.3000000       16.81582     -3.7588015E-02  9.9927792E-03
   0.3000000       16.97297     -3.8661961E-02  4.2573521E-03
   0.3000000       17.13013     -3.8845837E-02 -1.5515398E-03
   0.3000000       17.28729     -3.8143866E-02 -7.2959140E-03
   0.3000000       17.44444     -3.6581255E-02 -1.2841514E-02
   0.3000000       17.60160     -3.4203511E-02 -1.8060368E-02
   0.3000000       17.75876     -3.1074967E-02 -2.2833601E-02
   0.3000000       17.91592     -2.7276780E-02 -2.7054878E-02
   0.3000000       18.07307     -2.2905031E-02 -3.0631920E-02
   0.3000000       18.23023     -1.8067971E-02 -3.3489145E-02
   0.3000000       18.38739     -1.2883694E-02 -3.5568859E-02
   0.3000000       18.54454     -7.4764010E-03 -3.6832523E-02
   0.3000000       18.70170     -1.9744837E-03 -3.7261412E-02
   0.3000000       18.85886      3.4935973E-03 -3.6856480E-02
   0.3000000       19.01602      8.8020209E-03 -3.5638765E-02
   0.3000000       19.17317      1.3830282E-02 -3.3647638E-02
   0.3000000       19.33033      1.8466422E-02 -3.0940324E-02
   0.3000000       19.48749      2.2609068E-02 -2.7590401E-02
   0.3000000       19.64465      2.6170380E-02 -2.3684936E-02
   0.3000000       19.80180      2.9077126E-02 -1.9322867E-02
   0.3000000       19.95896      3.1273033E-02 -1.4612671E-02
   0.3000000       20.11612      3.2718863E-02 -9.6691782E-03
   0.3000000       20.27327      3.3394169E-02 -4.6109315E-03
   0.3000000       20.43043      3.3297062E-02  4.4284135E-04
   0.3000000       20.58759      3.2443367E-02  5.3745159E-03
   0.3000000       20.74475      3.0866843E-02  1.0071817E-02
   0.3000000       20.90190      2.8618162E-02  1.4429414E-02
   0.3000000       21.05906      2.5762402E-02  1.8351851E-02
   0.3000000       21.21622      2.2378661E-02  2.1755666E-02
   0.3000000       21.37337      1.8556442E-02  2.4570931E-02
   0.3000000       21.53053      1.4395075E-02  2.6743276E-02
   0.3000000       21.68769      9.9993730E-03  2.8233932E-02
   0.3000000       21.84484      5.4787197E-03  2.9021787E-02
   0.3000000       22.00200      9.4288855E-04  2.9102201E-02
   0.3000000       22.15916     -3.4991887E-03  2.8488016E-02
   0.3000000       22.31632     -7.7431933E-03  2.7208349E-02
   0.3000000       22.47347     -1.1691194E-02  2.5307735E-02
   0.3000000       22.63063     -1.5253844E-02  2.2844831E-02
   0.3000000       22.78779     -1.8353572E-02  1.9890890E-02
   0.3000000       22.94494     -2.0923989E-02  1.6527964E-02
   0.3000000       23.10210     -2.2913640E-02  1.2846217E-02
   0.3000000       23.25926     -2.4285596E-02  8.9422716E-03
   0.3000000       23.41642     -2.5019009E-02  4.9165785E-03
   0.3000000       23.57357     -2.5108406E-02  8.7040046E-04
   0.3000000       23.73073     -2.4564527E-02 -3.0957605E-03
   0.3000000       23.88789     -2.3413274E-02 -6.8853144E-03
   0.3000000       24.04505     -2.1694770E-02 -1.0407597E-02
   0.3000000       24.20220     -1.9462848E-02 -1.3579859E-02
   0.3000000       24.35936     -1.6782925E-02 -1.6329398E-02
   0.3000000       24.51652     -1.3730017E-02 -1.8595230E-02
   0.3000000       24.67367     -1.0387635E-02 -2.0329002E-02
   0.3000000       24.83083     -6.8453555E-03 -2.1496510E-02
   0.3000000       24.98799     -3.1952760E-03 -2.2077864E-02
   0.3000000       25.14515      4.6822018E-04 -2.2068484E-02
   0.3000000       25.30230      4.0519894E-03 -2.1477701E-02
   0.3000000       25.45946      7.4666943E-03 -2.0329962E-02
   0.3000000       25.61662      1.0628043E-02 -1.8662725E-02
   0.3000000       25.77377      1.3459384E-02 -1.6526084E-02
   0.3000000       25.93093      1.5893169E-02 -1.3981141E-02
   0.3000000       26.08809      1.7872661E-02 -1.1098124E-02
   0.3000000       26.24524      1.9353619E-02 -7.9553416E-03
   0.3000000       26.40240      2.0304352E-02 -4.6358658E-03
   0.3000000       26.55956      2.0707101E-02 -1.2270515E-03
   0.3000000       26.71672      2.0557519E-02  2.1836066E-03
   0.3000000       26.87387      1.9865984E-02  5.5086492E-03
   0.3000000       27.03103      1.8655401E-02  8.6644525E-03
   0.3000000       27.18819      1.6961696E-02  1.1571961E-02
   0.3000000       27.34534      1.4832918E-02  1.4159749E-02
   0.3000000       27.50250      1.2326779E-02  1.6364504E-02
   0.3000000       27.65966      9.5100915E-03  1.8133540E-02
   0.3000000       27.81682      6.4572291E-03  1.9425552E-02
   0.3000000       27.97397      3.2470878E-03  2.0211305E-02
   0.3000000       28.13113     -3.7970771E-05  2.0474635E-02
   0.3000000       28.28829     -3.3145875E-03  2.0212501E-02
   0.3000000       28.44544     -6.5003829E-03  1.9434728E-02
   0.3000000       28.60260     -9.5154876E-03  1.8164409E-02
   0.3000000       28.75976     -1.2285562E-02  1.6435999E-02
   0.3000000       28.91692     -1.4742529E-02  1.4295577E-02
   0.3000000       29.07407     -1.6826935E-02  1.1798779E-02
   0.3000000       29.23123     -1.8488634E-02  9.0097049E-03
   0.3000000       29.38839     -1.9688830E-02  5.9991837E-03
   0.3000000       29.54555     -2.0400112E-02  2.8428051E-03
   0.3000000       29.70270     -2.0607194E-02 -3.8034542E-04
   0.3000000       29.85986     -2.0307411E-02 -3.5907452E-03
   0.3000000       30.01702     -1.9510986E-02 -6.7094257E-03
   0.3000000       30.17417     -1.8239580E-02 -9.6601611E-03
   0.3000000       30.33133     -1.6527053E-02 -1.2371755E-02
   0.3000000       30.48849     -1.4417311E-02 -1.4778923E-02
   0.3000000       30.64565     -1.1963770E-02 -1.6824506E-02
   0.3000000       30.80280     -9.2282034E-03 -1.8461263E-02
   0.3000000       30.95996     -6.2783672E-03 -1.9650726E-02
   0.3000000       31.11712     -3.1870350E-03 -2.0367177E-02
   0.3000000       31.27427     -2.9689230E-05 -2.0595983E-02
   0.3000000       31.43143      3.1167583E-03 -2.0334065E-02
   0.3000000       31.58859      6.1767465E-03 -1.9591061E-02
   0.3000000       31.74575      9.0767564E-03 -1.8387718E-02
   0.3000000       31.90290      1.1748571E-02 -1.6756082E-02
   0.3000000       32.06006      1.4128892E-02 -1.4738184E-02
   0.3000000       32.21722      1.6162941E-02 -1.2385038E-02
   0.3000000       32.37437      1.7804308E-02 -9.7555714E-03
   0.3000000       32.53153      1.9016825E-02 -6.9148112E-03
   0.3000000       32.68869      1.9774267E-02 -3.9322907E-03
   0.3000000       32.84584      2.0062402E-02 -8.8085071E-04
   0.3000000       33.00300      1.9877926E-02  2.1665494E-03
   0.3000000       33.16016      1.9229189E-02  5.1366258E-03
   0.3000000       33.31732      1.8135827E-02  7.9592196E-03
   0.3000000       33.47448      1.6627800E-02  1.0567802E-02
   0.3000000       33.63163      1.4744570E-02  1.2902133E-02
   0.3000000       33.78879      1.2535480E-02  1.4909197E-02
   0.3000000       33.94595      1.0055797E-02  1.6543508E-02
   0.3000000       34.10310      7.3676025E-03  1.7770151E-02
   0.3000000       34.26026      4.5374855E-03  1.8563807E-02
   0.3000000       34.41742      1.6348670E-03  1.8909426E-02
   0.3000000       34.57457     -1.2702863E-03  1.8803604E-02
   0.3000000       34.73173     -4.1082292E-03  1.8253768E-02
   0.3000000       34.88889     -6.8113380E-03  1.7277716E-02
   0.3000000       35.04605     -9.3158800E-03  1.5903855E-02
   0.3000000       35.20320     -1.1564067E-02  1.4169677E-02
   0.3000000       35.36036     -1.3504726E-02  1.2120476E-02
   0.3000000       35.51752     -1.5094222E-02  9.8100677E-03
   0.3000000       35.67467     -1.6298575E-02  7.2967983E-03
   0.3000000       35.83183     -1.7092710E-02  4.6442957E-03
   0.3000000       35.98899     -1.7462572E-02  1.9178052E-03
   0.3000000       36.14614     -1.7403917E-02 -8.1468275E-04
   0.3000000       36.30330     -1.6923293E-02 -3.4873954E-03
   0.3000000       36.46046     -1.6037673E-02 -6.0356534E-03
   0.3000000       36.61762     -1.4773309E-02 -8.3989371E-03
   0.3000000       36.77478     -1.3165658E-02 -1.0521240E-02
   0.3000000       36.93193     -1.1258237E-02 -1.2353864E-02
   0.3000000       37.08909     -9.1014523E-03 -1.3855506E-02
   0.3000000       37.24625     -6.7508561E-03 -1.4992622E-02
   0.3000000       37.40340     -4.2669447E-03 -1.5742054E-02
   0.3000000       37.56056     -1.7125473E-03 -1.6089493E-02
   0.3000000       37.71772      8.4887294E-04 -1.6031291E-02
   0.3000000       37.87487      3.3533752E-03 -1.5573367E-02
   0.3000000       38.03203      5.7399361E-03 -1.4731226E-02
   0.3000000       38.18919      7.9506608E-03 -1.3530853E-02
   0.3000000       38.34635      9.9325068E-03 -1.2005289E-02
   0.3000000       38.50351      1.1638491E-02 -1.0196323E-02
   0.3000000       38.66066      1.3029588E-02 -8.1520593E-03
   0.3000000       38.81782      1.4073713E-02 -5.9252800E-03
   0.3000000       38.97498      1.4748816E-02 -3.5741823E-03
   0.3000000       39.13213      1.5041564E-02 -1.1583100E-03
   0.3000000       39.28929      1.4948330E-02  1.2611682E-03
   0.3000000       39.44645      1.4475026E-02  3.6239107E-03
   0.3000000       39.60360      1.3637204E-02  5.8711437E-03
   0.3000000       39.76076      1.2458927E-02  7.9473108E-03
   0.3000000       39.91792      1.0972654E-02  9.8022232E-03
   0.3000000       40.07507      9.2184832E-03  1.1391403E-02
   0.3000000       40.23223      7.2425678E-03  1.2676802E-02
   0.3000000       40.38939      5.0957208E-03  1.3628475E-02
   0.3000000       40.54655      2.8339315E-03  1.4225801E-02
   0.3000000       40.70370      5.1411433E-04  1.4455508E-02
   0.3000000       40.86086     -1.8047232E-03  1.4314967E-02
   0.3000000       41.01802     -4.0645008E-03  1.3810403E-02
   0.3000000       41.17517     -6.2092436E-03  1.2956642E-02
   0.3000000       41.33233     -8.1854984E-03  1.1777436E-02
   0.3000000       41.48949     -9.9451263E-03  1.0304114E-02
   0.3000000       41.64665     -1.1445495E-02  8.5754301E-03
   0.3000000       41.80380     -1.2650443E-02  6.6363667E-03
   0.3000000       41.96096     -1.3531229E-02  4.5361998E-03
   0.3000000       42.11812     -1.4067981E-02  2.3283290E-03
   0.3000000       42.27528     -1.4249019E-02  6.8548310E-05
   0.3000000       42.43243     -1.4071559E-02 -2.1864951E-03
   0.3000000       42.58959     -1.3541762E-02 -4.3809884E-03
   0.3000000       42.74675     -1.2674627E-02 -6.4604161E-03
   0.3000000       42.90390     -1.1492935E-02 -8.3737578E-03
   0.3000000       43.06106     -1.0028063E-02 -1.0074454E-02
   0.3000000       43.21822     -8.3170589E-03 -1.1520801E-02
   0.3000000       43.37537     -6.4036804E-03 -1.2678569E-02
   0.3000000       43.53253     -4.3357136E-03 -1.3520182E-02
   0.3000000       43.68969     -2.1654393E-03 -1.4026389E-02
   0.3000000       43.84685      5.3703006E-05 -1.4185954E-02
   0.3000000       44.00401      2.2664405E-03 -1.3996447E-02
   0.3000000       44.16116      4.4184583E-03 -1.3464154E-02
   0.3000000       44.31832      6.4573260E-03 -1.2603714E-02
   0.3000000       44.47548      8.3333012E-03 -1.1437408E-02
   0.3000000       44.63263      1.0001195E-02 -9.9951234E-03
   0.3000000       44.78979      1.1420919E-02 -8.3138868E-03
   0.3000000       44.94695      1.2558877E-02 -6.4352159E-03
   0.3000000       45.10410      1.3388793E-02 -4.4064349E-03
   0.3000000       45.26126      1.3891532E-02 -2.2777389E-03
   0.3000000       45.41842      1.4056576E-02 -1.0109003E-04
   0.3000000       45.57558      1.3881670E-02  2.0696418E-03
   0.3000000       45.73273      1.3372087E-02  4.1818293E-03
   0.3000000       45.88989      1.2542504E-02  6.1845630E-03
   0.3000000       46.04705      1.1414544E-02  8.0293370E-03
   0.3000000       46.20420      1.0017147E-02  9.6726343E-03
   0.3000000       46.36136      8.3860699E-03  1.1075365E-02
   0.3000000       46.51852      6.5615517E-03  1.2204070E-02
   0.3000000       46.67567      4.5899232E-03  1.3034172E-02
   0.3000000       46.83283      2.5194369E-03  1.3546172E-02
   0.3000000       46.98999      4.0048879E-04  1.3730278E-02
   0.3000000       47.14715     -1.7145274E-03  1.3583521E-02
   0.3000000       47.30430     -3.7749307E-03  1.3112088E-02
   0.3000000       47.46146     -5.7303151E-03  1.2328925E-02
   0.3000000       47.61862     -7.5347298E-03  1.1255205E-02
   0.3000000       47.77578     -9.1449609E-03  9.9191368E-03
   0.3000000       47.93293     -1.0523265E-02  8.3547030E-03
   0.3000000       48.09009     -1.1637817E-02  6.6009518E-03
   0.3000000       48.24725     -1.2463616E-02  4.7028689E-03
   0.3000000       48.40440     -1.2982100E-02  2.7067326E-03
   0.3000000       48.56156     -1.3183258E-02  6.6227355E-04
   0.3000000       48.71872     -1.3064590E-02 -1.3806866E-03
   0.3000000       48.87588     -1.2631284E-02 -3.3724417E-03
   0.3000000       49.03303     -1.1896293E-02 -5.2645863E-03
   0.3000000       49.19019     -1.0879423E-02 -7.0125218E-03
   0.3000000       49.34735     -9.6082371E-03 -8.5745035E-03
   0.3000000       49.50451     -8.1154173E-03 -9.9134622E-03
   0.3000000       49.66166     -6.4391345E-03 -1.0998276E-02
   0.3000000       49.81882     -4.6214727E-03 -1.1805189E-02
   0.3000000       49.97598     -2.7084735E-03 -1.2316214E-02
   0.3000000       50.13313     -7.4766105E-04 -1.2521474E-02
   0.3000000       50.29029      1.2126461E-03 -1.2417974E-02
   0.3000000       50.44745      3.1247018E-03 -1.2010944E-02
   0.3000000       50.60461      4.9417317E-03 -1.1312763E-02
   0.3000000       50.76176      6.6192579E-03 -1.0343098E-02
   0.3000000       50.91892      8.1184870E-03 -9.1276551E-03
   0.3000000       51.07608      9.4027221E-03 -7.6984973E-03
   0.3000000       51.23323      1.0442470E-02 -6.0921488E-03
   0.3000000       51.39039      1.1214177E-02 -4.3502538E-03
   0.3000000       51.54755      1.1700785E-02 -2.5159642E-03
   0.3000000       51.70470      1.1892297E-02 -6.3588010E-04
   0.3000000       51.86186      1.1786654E-02  1.2430209E-03
   0.3000000       52.01902      1.1388352E-02  3.0747356E-03
   0.3000000       52.17617      1.0709565E-02  4.8141801E-03
   0.3000000       52.33333      9.7689545E-03  6.4187632E-03
   0.3000000       52.49049      8.5918671E-03  7.8500994E-03
   0.3000000       52.64765      7.2095692E-03  9.0732323E-03
   0.3000000       52.80481      5.6573576E-03  1.0060017E-02
   0.3000000       52.96196      3.9745956E-03  1.0787198E-02
   0.3000000       53.11912      2.2051414E-03  1.1238391E-02
   0.3000000       53.27628      3.9256920E-04  1.1404282E-02
   0.3000000       53.43343     -1.4177271E-03  1.1283021E-02
   0.3000000       53.59059     -3.1803115E-03  1.0878745E-02
   0.3000000       53.74775     -4.8518614E-03  1.0203646E-02
   0.3000000       53.90490     -6.3914089E-03  9.2761805E-03
   0.3000000       54.06206     -7.7610216E-03  8.1208982E-03
   0.3000000       54.21922     -8.9281807E-03  6.7678792E-03
   0.3000000       54.37638     -9.8644309E-03  5.2519836E-03
   0.3000000       54.53354     -1.0548602E-02  3.6116964E-03
   0.3000000       54.69069     -1.0964002E-02  1.8886634E-03
   0.3000000       54.84785     -1.1102050E-02  1.2617170E-04
   0.3000000       55.00500     -1.0961224E-02 -1.6320872E-03
   0.3000000       55.16216     -1.0545714E-02 -3.3416282E-03
   0.3000000       55.31932     -9.8673413E-03 -4.9611409E-03
   0.3000000       55.47647     -8.9446232E-03 -6.4500379E-03
   0.3000000       55.63363     -7.8012920E-03 -7.7722943E-03
   0.3000000       55.79079     -6.4671221E-03 -8.8953441E-03
   0.3000000       55.94795     -4.9753431E-03 -9.7930357E-03
   0.3000000       56.10511     -3.3645029E-03 -1.0443306E-02
   0.3000000       56.26226     -1.6744566E-03 -1.0831529E-02
   0.3000000       56.41942      5.2765481E-05 -1.0948722E-02
   0.3000000       56.57658      1.7732580E-03 -1.0793705E-02
   0.3000000       56.73373      3.4452369E-03 -1.0371028E-02
   0.3000000       56.89089      5.0273263E-03 -9.6920934E-03
   0.3000000       57.04805      6.4808032E-03 -8.7749399E-03
   0.3000000       57.20520      7.7700187E-03 -7.6429285E-03
   0.3000000       57.36236      8.8638244E-03 -6.3253120E-03
   0.3000000       57.51952      9.7365649E-03 -4.8546502E-03
   0.3000000       57.67668      1.0366776E-02 -3.2682694E-03
   0.3000000       57.83384      1.0740080E-02 -1.6056561E-03
   0.3000000       57.99099      1.0848574E-02  9.2288181E-05
   0.3000000       58.14815      1.0690599E-02  1.7832972E-03
   0.3000000       58.30531      1.0270283E-02  3.4257295E-03
   0.3000000       58.46246      9.5999362E-03  4.9800216E-03
   0.3000000       58.61962      8.6961100E-03  6.4073927E-03
   0.3000000       58.77678      7.5828582E-03  7.6740822E-03
   0.3000000       58.93393      6.2869610E-03  8.7494552E-03
   0.3000000       59.09109      4.8425640E-03  9.6076960E-03
   0.3000000       59.24825      3.2844979E-03  1.0228996E-02
   0.3000000       59.40540      1.6520317E-03  1.0598859E-02
   0.3000000       59.56256     -1.5319194E-05  1.0709096E-02
   0.3000000       59.71972     -1.6753959E-03  1.0558208E-02
   0.3000000       59.87688     -3.2888367E-03  1.0151397E-02
   0.3000000       60.03403     -4.8156716E-03  9.4991755E-03
   0.3000000       60.19119     -6.2192534E-03  8.6190747E-03
   0.3000000       60.34835     -7.4654613E-03  7.5331694E-03
   0.3000000       60.50550     -8.5254656E-03  6.2692924E-03
   0.3000000       60.66266     -9.3733072E-03  4.8590577E-03
   0.3000000       60.81982     -9.9893566E-03  3.3372629E-03
   0.3000000       60.97698     -1.0359713E-02  1.7423593E-03
   0.3000000       61.13413     -1.0477114E-02  1.1305966E-04
   0.3000000       61.29129     -1.0339336E-02 -1.5103902E-03
   0.3000000       61.44845     -9.9511873E-03 -3.0886065E-03
   0.3000000       61.60561     -9.3236789E-03 -4.5829969E-03
   0.3000000       61.76276     -8.4730340E-03 -5.9576649E-03
   0.3000000       61.91992     -7.4210730E-03 -7.1794097E-03
   0.3000000       62.07708     -6.1954046E-03 -8.2192766E-03
   0.3000000       62.23423     -4.8261429E-03 -9.0527609E-03
   0.3000000       62.39139     -3.3480420E-03 -9.6613290E-03
   0.3000000       62.54855     -1.7974146E-03 -1.0030321E-02
   0.3000000       62.70571     -2.1304525E-04 -1.0152751E-02
   0.3000000       62.86286      1.3665273E-03 -1.0026504E-02
   0.3000000       63.02002      2.9018759E-03 -9.6562309E-03
   0.3000000       63.17718      4.3565677E-03 -9.0525029E-03
   0.3000000       63.33434      5.6949398E-03 -8.2315616E-03
   0.3000000       63.49149      6.8846908E-03 -7.2144950E-03
   0.3000000       63.64865      7.8980215E-03 -6.0281092E-03
   0.3000000       63.80581      8.7106694E-03 -4.7014127E-03
   0.3000000       63.96296      9.3041919E-03 -3.2688619E-03
   0.3000000       64.12012      9.6647060E-03 -1.7654130E-03
   0.3000000       64.27728      9.7853327E-03 -2.2893434E-04
   0.3000000       64.43443      9.6638426E-03  1.3025095E-03
   0.3000000       64.59159      9.3055032E-03  2.7916399E-03
   0.3000000       64.74875      8.7200189E-03  4.2015831E-03
   0.3000000       64.90591      7.9229232E-03  5.4986463E-03
   0.3000000       65.06306      6.9356100E-03  6.6508111E-03
   0.3000000       65.22022      5.7836026E-03  7.6310737E-03
   0.3000000       65.37738      4.4953786E-03  8.4160240E-03
   0.3000000       65.53454      3.1042083E-03  8.9875190E-03
   0.3000000       65.69169      1.6452891E-03  9.3322340E-03
   0.3000000       65.84885      1.5425902E-04  9.4433762E-03
   0.3000000       66.00600     -1.3312318E-03  9.3193073E-03
   0.3000000       66.16316     -2.7748125E-03  8.9643085E-03
   0.3000000       66.32032     -4.1405442E-03  8.3887111E-03
   0.3000000       66.47748     -5.3954762E-03  7.6075387E-03
   0.3000000       66.63464     -6.5091164E-03  6.6414988E-03
   0.3000000       66.79179     -7.4543399E-03  5.5153337E-03
   0.3000000       66.94895     -8.2089063E-03  4.2577479E-03
   0.3000000       67.10611     -8.7549426E-03  2.9006454E-03
   0.3000000       67.26326     -9.0798344E-03  1.4784542E-03
   0.3000000       67.42042     -9.1769518E-03  2.5993651E-05
   0.3000000       67.57758     -9.0438938E-03 -1.4197992E-03
   0.3000000       67.73473     -8.6864624E-03 -2.8236753E-03
   0.3000000       67.89189     -8.1140539E-03 -4.1509061E-03
   0.3000000       68.04905     -7.3411725E-03 -5.3689098E-03
   0.3000000       68.20621     -6.3891527E-03 -6.4476565E-03
   0.3000000       68.36337     -5.2813357E-03 -7.3609669E-03
   0.3000000       68.52052     -4.0461351E-03 -8.0877300E-03
   0.3000000       68.67768     -2.7148442E-03 -8.6101824E-03
   0.3000000       68.83483     -1.3205898E-03 -8.9156777E-03
   0.3000000       68.99199      1.0131136E-04 -8.9983698E-03
   0.3000000       69.14915      1.5160477E-03 -8.8564018E-03
   0.3000000       69.30630      2.8884094E-03 -8.4949629E-03
   0.3000000       69.46346      4.1847224E-03 -7.9231039E-03
   0.3000000       69.62062      5.3730216E-03 -7.1562664E-03
   0.3000000       69.77778      6.4238058E-03 -6.2137335E-03
   0.3000000       69.93494      7.3124063E-03 -5.1196860E-03
   0.3000000       70.09209      8.0169486E-03 -3.9020432E-03
   0.3000000       70.24925      8.5208295E-03 -2.5909101E-03
   0.3000000       70.40640      8.8122617E-03 -1.2194129E-03
   0.3000000       70.56356      8.8849347E-03  1.7876789E-04
   0.3000000       70.72072      8.7373285E-03  1.5691338E-03
   0.3000000       70.87788      8.3744200E-03  2.9165351E-03
   0.3000000       71.03503      7.8055533E-03  4.1885753E-03
   0.3000000       71.19219      7.0453361E-03  5.3540934E-03
   0.3000000       71.34935      6.1139585E-03  6.3844412E-03
   0.3000000       71.50651      5.0339205E-03  7.2546531E-03
   0.3000000       71.66367      3.8327547E-03  7.9441080E-03
   0.3000000       71.82082      2.5405481E-03  8.4365662E-03
   0.3000000       71.97798      1.1894467E-03  8.7200021E-03
   0.3000000       72.13513     -1.8704918E-04  8.7883677E-03
   0.3000000       72.29229     -1.5555122E-03  8.6409170E-03
   0.3000000       72.44945     -2.8815528E-03  8.2815634E-03
   0.3000000       72.60661     -4.1332603E-03  7.7201715E-03
   0.3000000       72.76376     -5.2800770E-03  6.9719562E-03
   0.3000000       72.92092     -6.2940218E-03  6.0546850E-03
   0.3000000       73.07808     -7.1505774E-03  4.9920310E-03
   0.3000000       73.23524     -7.8295004E-03  3.8108036E-03
   0.3000000       73.39240     -8.3148275E-03  2.5400033E-03
   0.3000000       73.54955     -8.5951705E-03  1.2116996E-03
   0.3000000       73.70670     -8.6647356E-03 -1.4206005E-04
   0.3000000       73.86386     -8.5217822E-03 -1.4872741E-03
   0.3000000       74.02102     -8.1712361E-03 -2.7912394E-03
   0.3000000       74.17818     -7.6227044E-03 -4.0225331E-03
   0.3000000       74.33533     -6.8896282E-03 -5.1500443E-03
   0.3000000       74.49249     -5.9916750E-03 -6.1480030E-03
   0.3000000       74.64965     -4.9508889E-03 -6.9916467E-03
   0.3000000       74.80681     -3.7933921E-03 -7.6611629E-03
   0.3000000       74.96397     -2.5486609E-03 -8.1407325E-03
   0.3000000       75.12112     -1.2464047E-03 -8.4190900E-03
   0.3000000       75.27827      8.0197082E-05 -8.4909853E-03
   0.3000000       75.43543      1.3990868E-03 -8.3549460E-03
   0.3000000       75.59259      2.6772965E-03 -8.0153309E-03
   0.3000000       75.74975      3.8847597E-03 -7.4810730E-03
   0.3000000       75.90691      4.9911262E-03 -6.7669861E-03
   0.3000000       76.06406      5.9702662E-03 -5.8905617E-03
   0.3000000       76.22122      6.7980387E-03 -4.8744539E-03
   0.3000000       76.37838      7.4558663E-03 -3.7438129E-03
   0.3000000       76.53554      7.9275072E-03 -2.5273035E-03
   0.3000000       76.69270      8.2024429E-03 -1.2550927E-03
   0.3000000       76.84985      8.2748299E-03  4.1729112E-05
   0.3000000       77.00700      8.1441887E-03  1.3303831E-03
   0.3000000       77.16416      7.8140507E-03  2.5802755E-03
   0.3000000       77.32132      7.2935768E-03  3.7595914E-03
   0.3000000       77.47848      6.5972274E-03  4.8409184E-03
   0.3000000       77.63564      5.7418109E-03  5.7974379E-03
   0.3000000       77.79279      4.7496585E-03  6.6058529E-03
   0.3000000       77.94995      3.6456911E-03  7.2478489E-03
   0.3000000       78.10711      2.4583766E-03  7.7079479E-03
   0.3000000       78.26427      1.2158884E-03  7.9753194E-03
   0.3000000       78.42142     -4.9568156E-05  8.0445819E-03
   0.3000000       78.57858     -1.3075459E-03  7.9146726E-03
   0.3000000       78.73573     -2.5267326E-03  7.5912098E-03
   0.3000000       78.89289     -3.6772671E-03  7.0807557E-03
   0.3000000       79.05005     -4.7309524E-03  6.3983137E-03
   0.3000000       79.20721     -5.6623295E-03  5.5605406E-03
   0.3000000       79.36436     -6.4492249E-03  4.5896601E-03
   0.3000000       79.52152     -7.0721954E-03  3.5096512E-03
   0.3000000       79.67868     -7.5173182E-03  2.3479753E-03
   0.3000000       79.83584     -7.7736420E-03  1.1334842E-03
   0.3000000       79.99300     -7.8364061E-03 -1.0335149E-04
   0.3000000       80.15015     -7.7041402E-03 -1.3318291E-03
   0.3000000       80.30730     -7.3814942E-03 -2.5220686E-03
   0.3000000       80.46446     -6.8769064E-03 -3.6443092E-03
   0.3000000       80.62162     -6.2043280E-03 -4.6713785E-03
   0.3000000       80.77878     -5.3800400E-03 -5.5782143E-03
   0.3000000       80.93594     -4.4255233E-03 -6.3423160E-03
   0.3000000       81.09309     -3.3647725E-03 -6.9459602E-03
   0.3000000       81.25025     -2.2248519E-03 -7.3748967E-03
   0.3000000       81.40741     -1.0336895E-03 -7.6188934E-03
   0.3000000       81.56457      1.7833401E-04 -7.6724682E-03
   0.3000000       81.72173      1.3817905E-03 -7.5357552E-03
   0.3000000       81.87888      2.5462585E-03 -7.2120512E-03
   0.3000000       82.03603      3.6441465E-03 -6.7101684E-03
   0.3000000       82.19319      4.6469970E-03 -6.0432828E-03
   0.3000000       82.35035      5.5321716E-03 -5.2286899E-03
   0.3000000       82.50751      6.2767700E-03 -4.2866813E-03
   0.3000000       82.66467      6.8631293E-03 -3.2414999E-03
   0.3000000       82.82182      7.2773970E-03 -2.1189786E-03
   0.3000000       82.97898      7.5097680E-03 -9.4691705E-04
   0.3000000       83.13614      7.5555937E-03  2.4506784E-04
   0.3000000       83.29330      7.4139410E-03  1.4276981E-03
   0.3000000       83.45045      7.0891245E-03  2.5713472E-03
   0.3000000       83.60760      6.5892930E-03  3.6487493E-03
   0.3000000       83.76476      5.9278486E-03  4.6327431E-03
   0.3000000       83.92192      5.1214094E-03  5.4993904E-03
   0.3000000       84.07908      4.1903593E-03  6.2280949E-03
   0.3000000       84.23624      3.1578946E-03  6.8008425E-03
   0.3000000       84.39339      2.0503702E-03  7.2038434E-03
   0.3000000       84.55055      8.9469878E-04  7.4279523E-03
   0.3000000       84.70771     -2.8000635E-04  7.4684522E-03
   0.3000000       84.86487     -1.4448456E-03  7.3244870E-03
   0.3000000       85.02202     -2.5712198E-03  7.0002098E-03
   0.3000000       85.17918     -3.6314030E-03  6.5042223E-03
   0.3000000       85.33633     -4.5995591E-03  5.8496278E-03
   0.3000000       85.49349     -5.4519181E-03  5.0521977E-03
   0.3000000       85.65065     -6.1681140E-03  4.1327905E-03
   0.3000000       85.80781     -6.7305360E-03  3.1135571E-03
   0.3000000       85.96497     -7.1262568E-03  2.0209562E-03
   0.3000000       86.12212     -7.3457099E-03  8.8131608E-04
   0.3000000       86.27928     -7.3840087E-03 -2.7716497E-04
   0.3000000       86.43644     -7.2403215E-03 -1.4252240E-03
   0.3000000       86.59360     -6.9202185E-03 -2.5351874E-03
   0.3000000       86.75075     -6.4312327E-03 -3.5795425E-03
   0.3000000       86.90791     -5.7856855E-03 -4.5336895E-03
   0.3000000       87.06506     -4.9996176E-03 -5.3733913E-03
   0.3000000       87.22222     -4.0938123E-03 -6.0794330E-03
   0.3000000       87.37938     -3.0901306E-03 -6.6336901E-03
   0.3000000       87.53654     -2.0143180E-03 -7.0236656E-03
   0.3000000       87.69370     -8.9223805E-04 -7.2408761E-03
   0.3000000       87.85085      2.4808693E-04 -7.2794105E-03
   0.3000000       88.00801      1.3785544E-03 -7.1394928E-03
   0.3000000       88.16517      2.4714251E-03 -6.8248510E-03
   0.3000000       88.32232      3.4999661E-03 -6.3449042E-03
   0.3000000       88.47948      4.4386457E-03 -5.7106386E-03
   0.3000000       88.63663      5.2659903E-03 -4.9385801E-03
   0.3000000       88.79379      5.9607048E-03 -4.0490204E-03
   0.3000000       88.95095      6.5072635E-03 -3.0629330E-03
   0.3000000       89.10811      6.8920334E-03 -2.0055738E-03
   0.3000000       89.26527      7.1064760E-03 -9.0347638E-04
   0.3000000       89.42242      7.1456521E-03  2.1708626E-04
   0.3000000       89.57958      7.0094545E-03  1.3274996E-03
   0.3000000       89.73674      6.7020999E-03  2.4009519E-03
   0.3000000       89.89389      6.2312684E-03  3.4111822E-03
   0.3000000       90.05105      5.6100441E-03  4.3338593E-03
   0.3000000       90.20821      4.8528938E-03  5.1458282E-03
   0.3000000       90.36536      3.9800811E-03  5.8289561E-03
   0.3000000       90.52252      3.0132460E-03  6.3653188E-03
   0.3000000       90.67968      1.9759336E-03  6.7429896E-03
   0.3000000       90.83684      8.9476345E-04  6.9536674E-03
   0.3000000       90.99400     -2.0414825E-04  6.9921953E-03
   0.3000000       91.15115     -1.2933180E-03  6.8583698E-03
   0.3000000       91.30831     -2.3458123E-03  6.5565356E-03
   0.3000000       91.46546     -3.3358796E-03  6.0945810E-03
   0.3000000       91.62262     -4.2397887E-03  5.4842848E-03
   0.3000000       91.77978     -5.0353743E-03  4.7411360E-03
   0.3000000       91.93694     -5.7032746E-03  3.8847246E-03
   0.3000000       92.09409     -6.2283236E-03  2.9358610E-03
   0.3000000       92.25125     -6.5964931E-03  1.9186105E-03
   0.3000000       92.40841     -6.8011638E-03  8.5785304E-04
   0.3000000       92.56557     -6.8361168E-03 -2.1895565E-04
   0.3000000       92.72272     -6.7024860E-03 -1.2868498E-03
   0.3000000       92.87988     -6.4040623E-03 -2.3185578E-03
   0.3000000       93.03704     -5.9480369E-03 -3.2877726E-03
   0.3000000       93.19419     -5.3465860E-03 -4.1728043E-03
   0.3000000       93.35135     -4.6158265E-03 -4.9501336E-03
   0.3000000       93.50851     -3.7728103E-03 -5.6029768E-03
   0.3000000       93.66566     -2.8400307E-03 -6.1142379E-03
   0.3000000       93.82282     -1.8406827E-03 -6.4716050E-03
   0.3000000       93.97998     -7.9916290E-04 -6.6683399E-03
   0.3000000       94.13714      2.5828165E-04 -6.6983816E-03
   0.3000000       94.29430      1.3055285E-03 -6.5625985E-03
   0.3000000       94.45145      2.3171762E-03 -6.2648831E-03
   0.3000000       94.60861      3.2674931E-03 -5.8124941E-03
   0.3000000       94.76576      4.1333837E-03 -5.2179163E-03
   0.3000000       94.92292      4.8944908E-03 -4.4961446E-03
   0.3000000       95.08008      5.5316198E-03 -3.6648454E-03
   0.3000000       95.23724      6.0291649E-03 -2.7455373E-03
   0.3000000       95.39439      6.3764937E-03 -1.7608185E-03
   0.3000000       95.55155      6.5641277E-03 -7.3513505E-04
   0.3000000       95.70871      6.5888893E-03  3.0492261E-04
   0.3000000       95.86587      6.4501530E-03  1.3343171E-03
   0.3000000       96.02303      6.1517274E-03  2.3286506E-03
   0.3000000       96.18018      5.7018735E-03  3.2619273E-03
   0.3000000       96.33733      5.1121423E-03  4.1119349E-03
   0.3000000       96.49449      4.3973601E-03  4.8574428E-03
   0.3000000       96.65165      3.5756142E-03  5.4811817E-03
   0.3000000       96.80881      2.6675093E-03  5.9676478E-03
   0.3000000       96.96597      1.6951201E-03  6.3051046E-03
   0.3000000       97.12312      6.8393053E-04  6.4860182E-03
   0.3000000       97.28028     -3.4168028E-04  6.5055811E-03
   0.3000000       97.43744     -1.3567168E-03  6.3642929E-03
   0.3000000       97.59460     -2.3360851E-03  6.0659745E-03
   0.3000000       97.75175     -3.2546520E-03  5.6186602E-03
   0.3000000       97.90891     -4.0909015E-03  5.0335564E-03
   0.3000000       98.06606     -4.8247078E-03  4.3255687E-03
   0.3000000       98.22322     -5.4368800E-03  3.5127006E-03
   0.3000000       98.38038     -5.9138420E-03  2.6146607E-03
   0.3000000       98.53754     -6.2439037E-03  1.6542402E-03
   0.3000000       98.69469     -6.4195190E-03  6.5546366E-04
   0.3000000       98.85185     -6.4358232E-03 -3.5722609E-04
   0.3000000       99.00901     -6.2939762E-03 -1.3587618E-03
   0.3000000       99.16617     -5.9974552E-03 -2.3242957E-03
   0.3000000       99.32333     -5.5537494E-03 -3.2304490E-03
   0.3000000       99.48048     -4.9744635E-03 -4.0546851E-03
   0.3000000       99.63763     -4.2740894E-03 -4.7773286E-03
   0.3000000       99.79479     -3.4707966E-03 -5.3812936E-03
   0.3000000       99.95195     -2.5835768E-03 -5.8505679E-03
   0.3000000       100.1091     -1.6351665E-03 -6.1751655E-03
   0.3000000       100.2663     -6.4892153E-04 -6.3471668E-03
   0.3000000       100.4234      3.5054612E-04 -6.3624452E-03
   0.3000000       100.5806      1.3387098E-03 -6.2219766E-03
   0.3000000       100.7377      2.2913963E-03 -5.9288340E-03
   0.3000000       100.8949      3.1854359E-03 -5.4905983E-03
   0.3000000       101.0521      3.9991583E-03 -4.9188887E-03
   0.3000000       101.2092      4.7115167E-03 -4.2279796E-03
   0.3000000       101.3664      5.3067855E-03 -3.4352434E-03
   0.3000000       101.5235      5.7697585E-03 -2.5604791E-03
   0.3000000       101.6807      6.0899896E-03 -1.6254827E-03
   0.3000000       101.8378      6.2598265E-03 -6.5319368E-04
   0.3000000       101.9950      6.2750862E-03  3.3238900E-04
   0.3000000       102.1522      6.1364155E-03  1.3061725E-03
   0.3000000       102.3093      5.8480254E-03  2.2456222E-03
   0.3000000       102.4665      5.4166331E-03  3.1260448E-03
   0.3000000       102.6236      4.8532146E-03  3.9274800E-03
   0.3000000       102.7808      4.1733677E-03  4.6299878E-03
   0.3000000       102.9379      3.3924191E-03  5.2163079E-03
   0.3000000       103.0951      2.5310058E-03  5.6727091E-03
   0.3000000       103.2523      1.6107628E-03  5.9880330E-03
   0.3000000       103.4094      6.5376930E-04  6.1552888E-03
   0.3000000       103.5666     -3.1632755E-04  6.1705494E-03
   0.3000000       103.7237     -1.2748735E-03  6.0341829E-03
   0.3000000       103.8809     -2.1988396E-03  5.7497947E-03
   0.3000000       104.0380     -3.0656271E-03  5.3252769E-03
   0.3000000       104.1952     -3.8539874E-03  4.7713742E-03
   0.3000000       104.3523     -4.5445515E-03  4.1017844E-03
   0.3000000       104.5095     -5.1213996E-03  3.3332992E-03
   0.3000000       104.6667     -5.5691176E-03  2.4860578E-03
   0.3000000       104.8238     -5.8786171E-03  1.5803339E-03
   0.3000000       104.9810     -6.0421368E-03  6.3915347E-04
   0.3000000       105.1381     -6.0564214E-03 -3.1464707E-04
   0.3000000       105.2953     -5.9210393E-03 -1.2574465E-03
   0.3000000       105.4525     -5.6404276E-03 -2.1657376E-03
   0.3000000       105.6096     -5.2213934E-03 -3.0170695E-03
   0.3000000       105.7668     -4.6750992E-03 -3.7915343E-03
   0.3000000       105.9239     -4.0152720E-03 -4.4689453E-03
   0.3000000       106.0811     -3.2591729E-03 -5.0343787E-03
   0.3000000       106.2382     -2.4248615E-03 -5.4734773E-03
   0.3000000       106.3954     -1.5335012E-03 -5.7751490E-03
   0.3000000       106.5526     -6.0720503E-04 -5.9341281E-03
   0.3000000       106.7097      3.3082516E-04 -5.9452318E-03
   0.3000000       106.8669      1.2577587E-03 -5.8096312E-03
   0.3000000       107.0240      2.1502366E-03 -5.5306735E-03
   0.3000000       107.1812      2.9864733E-03 -5.1158713E-03
   0.3000000       107.3383      3.7468029E-03 -4.5758877E-03
   0.3000000       107.4955      4.4115409E-03 -3.9244564E-03
   0.3000000       107.6527      4.9650953E-03 -3.1779462E-03
   0.3000000       107.8098      5.3937230E-03 -2.3550349E-03
   0.3000000       107.9670      5.6882547E-03 -1.4763334E-03
   0.3000000       108.1241      5.8404529E-03 -5.6415243E-04
   0.3000000       108.2813      5.8481158E-03  3.5957622E-04
   0.3000000       108.4384      5.7109175E-03  1.2719732E-03
   0.3000000       108.5956      5.4326234E-03  2.1503195E-03
   0.3000000       108.7528      5.0201942E-03  2.9725060E-03
   0.3000000       108.9099      4.4852649E-03  3.7190663E-03
   0.3000000       109.0671      3.8407659E-03  4.3713972E-03
   0.3000000       109.2242      3.1023852E-03  4.9143210E-03
   0.3000000       109.3814      2.2896300E-03  5.3335400E-03
   0.3000000       109.5385      1.4223176E-03  5.6197275E-03
   0.3000000       109.6957      5.2172190E-04  5.7665217E-03
   0.3000000       109.8529     -3.8984366E-04  5.7699447E-03
   0.3000000       110.0100     -1.2889425E-03  5.6305705E-03
   0.3000000       110.1672     -2.1543547E-03  5.3526880E-03
   0.3000000       110.3243     -2.9637094E-03  4.9425429E-03
   0.3000000       110.4815     -3.6985814E-03  4.4114892E-03
   0.3000000       110.6386     -4.3403301E-03  3.7724813E-03
   0.3000000       110.7958     -4.8733861E-03  3.0419608E-03
   0.3000000       110.9529     -5.2841720E-03  2.2377644E-03
   0.3000000       111.1101     -5.5642007E-03  1.3797878E-03
   0.3000000       111.2673     -5.7054958E-03  4.8986619E-04
   0.3000000       111.4244     -5.7060355E-03 -4.1023485E-04
   0.3000000       111.5816     -5.5659981E-03 -1.2979129E-03
   0.3000000       111.7387     -5.2882801E-03 -2.1519831E-03
   0.3000000       111.8959     -4.8807533E-03 -2.9514083E-03
   0.3000000       112.0531     -4.3540215E-03 -3.6757318E-03
   0.3000000       112.2102     -3.7206779E-03 -4.3084398E-03
   0.3000000       112.3674     -2.9974410E-03 -4.8329062E-03
   0.3000000       112.5245     -2.2012373E-03 -5.2377135E-03
   0.3000000       112.6817     -1.3534141E-03 -5.5121244E-03
   0.3000000       112.8388     -4.7331100E-04 -5.6497995E-03
   0.3000000       112.9960      4.1620023E-04 -5.6486186E-03
   0.3000000       113.1532      1.2934369E-03 -5.5077784E-03
   0.3000000       113.3103      2.1373648E-03 -5.2328543E-03
   0.3000000       113.4675      2.9263310E-03 -4.8285997E-03
   0.3000000       113.6246      3.6415879E-03 -4.3068361E-03
   0.3000000       113.7818      4.2656241E-03 -3.6802655E-03
   0.3000000       113.9389      4.7833077E-03 -2.9645471E-03
   0.3000000       114.0961      5.1817605E-03 -2.1779214E-03
   0.3000000       114.2533      5.4526124E-03 -1.3392580E-03
   0.3000000       114.4104      5.5884388E-03 -4.7010314E-04
   0.3000000       114.5676      5.5862959E-03  4.0911124E-04
   0.3000000       114.7247      5.4470235E-03  1.2757095E-03
   0.3000000       114.8819      5.1737772E-03  2.1085155E-03
   0.3000000       115.0390      4.7743754E-03  2.8877740E-03
   0.3000000       115.1962      4.2591286E-03  3.5940481E-03
   0.3000000       115.3534      3.6399465E-03  4.2098342E-03
   0.3000000       115.5105      2.9332140E-03  4.7204294E-03
   0.3000000       115.6677      2.1563414E-03  5.1142052E-03
   0.3000000       115.8248      1.3284307E-03  5.3814091E-03
   0.3000000       115.9820      4.7014895E-04  5.5148765E-03
   0.3000000       116.1391     -3.9700419E-04  5.5122417E-03
   0.3000000       116.2963     -1.2522914E-03  5.3748656E-03
   0.3000000       116.4535     -2.0740135E-03  5.1049446E-03
   0.3000000       116.6106     -2.8426340E-03  4.7106151E-03
   0.3000000       116.7678     -3.5388055E-03  4.2020325E-03
   0.3000000       116.9249     -4.1463580E-03  3.5913552E-03
   0.3000000       117.0821     -4.6497048E-03  2.8942598E-03
   0.3000000       117.2392     -5.0375881E-03  2.1276090E-03
   0.3000000       117.3964     -5.3002047E-03  1.3116358E-03
   0.3000000       117.5536     -5.4316344E-03  4.6531358E-04
   0.3000000       117.7107     -5.4288381E-03 -3.8977704E-04
   0.3000000       117.8679     -5.2924887E-03 -1.2326333E-03
   0.3000000       118.0250     -5.0260047E-03 -2.0425548E-03
   0.3000000       118.1822     -4.6367822E-03 -2.7995468E-03
   0.3000000       118.3393     -4.1342820E-03 -3.4856731E-03
   0.3000000       118.4965     -3.5317533E-03 -4.0834155E-03
   0.3000000       118.6537     -2.8440068E-03 -4.5792069E-03
   0.3000000       118.8108     -2.0883922E-03 -4.9598687E-03
   0.3000000       118.9680     -1.2828786E-03 -5.2174702E-03
   0.3000000       119.1251     -4.4897691E-04 -5.3454717E-03
   0.3000000       119.2823      3.9343597E-04 -5.3411471E-03
   0.3000000       119.4394      1.2238569E-03 -5.2049919E-03
   0.3000000       119.5966      2.0217113E-03 -4.9411641E-03
   0.3000000       119.7538      2.7668187E-03 -4.5557711E-03
   0.3000000       119.9109      3.4416381E-03 -4.0594940E-03
   0.3000000       120.0681      4.0296405E-03 -3.4644105E-03
   0.3000000       120.2252      4.5163305E-03 -2.7851458E-03
   0.3000000       120.3824      4.8898477E-03 -2.0389662E-03
   0.3000000       120.5395      5.1415754E-03 -1.2451288E-03
   0.3000000       120.6967      5.2653160E-03 -4.2215409E-04
   0.3000000       120.8539      5.2587395E-03  4.0873027E-04
   0.3000000       121.0110      5.1223706E-03  1.2272373E-03
   0.3000000       121.1682      4.8592836E-03  2.0126584E-03
   0.3000000       121.3253      4.4770474E-03  2.7460826E-03
   0.3000000       121.4825      3.9853454E-03  3.4106816E-03
   0.3000000       121.6396      3.3962280E-03  3.9884015E-03
   0.3000000       121.7968      2.7249597E-03  4.4657616E-03
   0.3000000       121.9540      1.9870226E-03  4.8320177E-03
   0.3000000       122.1111      1.2023596E-03  5.0773416E-03
   0.3000000       122.2683      3.9086296E-04  5.1969555E-03
   0.3000000       122.4254     -4.2924611E-04  5.1872260E-03
   0.3000000       122.5826     -1.2362022E-03  5.0495779E-03
   0.3000000       122.7397     -2.0114118E-03  4.7868681E-03
   0.3000000       122.8969     -2.7345449E-03  4.4069407E-03
   0.3000000       123.0541     -3.3882842E-03  3.9191330E-03
   0.3000000       123.2112     -3.9572222E-03  3.3353998E-03
   0.3000000       123.3684     -4.4262693E-03  2.6700692E-03
   0.3000000       123.5255     -4.7849915E-03  1.9404315E-03
   0.3000000       123.6827     -5.0249235E-03  1.1641758E-03
   0.3000000       123.8398     -5.1402226E-03  3.6142953E-04
   0.3000000       123.9970     -5.1281378E-03 -4.4897650E-04
   0.3000000       124.1542     -4.9892645E-03 -1.2462302E-03
   0.3000000       124.3113     -4.7274865E-03 -2.0111289E-03
   0.3000000       124.4685     -4.3490767E-03 -2.7248992E-03
   0.3000000       124.6256     -3.8644816E-03 -3.3696166E-03
   0.3000000       124.7828     -3.2848036E-03 -3.9300486E-03
   0.3000000       124.9399     -2.6262454E-03 -4.3922574E-03
   0.3000000       125.0971     -1.9035952E-03 -4.7453842E-03
   0.3000000       125.2543     -1.1358492E-03 -4.9800524E-03
   0.3000000       125.4114     -3.4084028E-04 -5.0920742E-03
   0.3000000       125.5686      4.6039891E-04 -5.0772349E-03
   0.3000000       125.7257      1.2488660E-03 -4.9381349E-03
   0.3000000       125.8829      2.0048853E-03 -4.6772449E-03
   0.3000000       126.0400      2.7096097E-03 -4.3019997E-03
   0.3000000       126.1972      3.3466525E-03 -3.8201287E-03
   0.3000000       126.3544      3.8997808E-03 -3.2462927E-03
   0.3000000       126.5115      4.3559661E-03 -2.5933313E-03
   0.3000000       126.6687      4.7036223E-03 -1.8780708E-03
   0.3000000       126.8258      4.9343831E-03 -1.1175366E-03
   0.3000000       126.9830      5.0436594E-03 -3.3125372E-04
   0.3000000       127.1401      5.0283596E-03  4.6131041E-04
   0.3000000       127.2973      4.8891027E-03  1.2413977E-03
   0.3000000       127.4545      4.6300208E-03  1.9889181E-03
   0.3000000       127.6116      4.2579034E-03  2.6860395E-03
   0.3000000       127.7688      3.7808665E-03  3.3150436E-03
   0.3000000       127.9259      3.2127271E-03  3.8615840E-03
   0.3000000       128.0831      2.5662626E-03  4.3116021E-03
   0.3000000       128.2402      1.8584734E-03  4.6551172E-03
   0.3000000       128.3974      1.1064783E-03  4.8828647E-03
   0.3000000       128.5546      3.2886365E-04  4.9900487E-03
   0.3000000       128.7117     -4.5522713E-04  4.9741422E-03
   0.3000000       128.8689     -1.2258457E-03  4.8361262E-03
   0.3000000       129.0260     -1.9651817E-03  4.5793192E-03
   0.3000000       129.1832     -2.6535410E-03  4.2106984E-03
   0.3000000       129.3403     -3.2754622E-03  3.7391104E-03
   0.3000000       129.4975     -3.8150563E-03  3.1766933E-03
   0.3000000       129.6546     -4.2597107E-03  2.5377485E-03
   0.3000000       129.8118     -4.5981742E-03  1.8378422E-03
   0.3000000       129.9690     -4.8229760E-03  1.0950548E-03
   0.3000000       130.1261     -4.9283747E-03  3.2649725E-04
   0.3000000       130.2833     -4.9120476E-03 -4.4796150E-04
   0.3000000       130.4404     -4.7751330E-03 -1.2092019E-03
   0.3000000       130.5976     -4.5211557E-03 -1.9390009E-03
   0.3000000       130.7548     -4.1561518E-03 -2.6189995E-03
   0.3000000       130.9119     -3.6902656E-03 -3.2327420E-03
   0.3000000       131.0691     -3.1342714E-03 -3.7648815E-03
   0.3000000       131.2262     -2.5031872E-03 -4.2037768E-03
   0.3000000       131.3834     -1.8123680E-03 -4.5367861E-03
   0.3000000       131.5405     -1.0773970E-03 -4.7578299E-03
   0.3000000       131.6977     -3.1893849E-04 -4.8611583E-03
   0.3000000       131.8549      4.4548142E-04 -4.8444909E-03
   0.3000000       132.0120      1.1968168E-03 -4.7084102E-03
   0.3000000       132.1692      1.9168910E-03 -4.4564144E-03
   0.3000000       132.3263      2.5874905E-03 -4.0952610E-03
   0.3000000       132.4835      3.1927563E-03 -3.6340705E-03
   0.3000000       132.6406      3.7173249E-03 -3.0847795E-03
   0.3000000       132.7978      4.1487087E-03 -2.4608786E-03
   0.3000000       132.9550      4.4771787E-03 -1.7777192E-03
   0.3000000       133.1121      4.6937470E-03 -1.0525913E-03
   0.3000000       133.2693      4.7940775E-03 -3.0377737E-04
   0.3000000       133.4264      4.7758776E-03  4.5102969E-04
   0.3000000       133.5836      4.6397946E-03  1.1925597E-03
   0.3000000       133.7407      4.3893075E-03  1.9025238E-03
   0.3000000       133.8979      4.0311771E-03  2.5640680E-03
   0.3000000       134.0551      3.5744801E-03  3.1600411E-03
   0.3000000       134.2122      3.0307414E-03  3.6775027E-03
   0.3000000       134.3694      2.4135550E-03  4.1014166E-03
   0.3000000       134.5265      1.7382125E-03  4.4234525E-03
   0.3000000       134.6837      1.0215726E-03  4.6357336E-03
   0.3000000       134.8408      2.8136020E-04  4.7324058E-03
   0.3000000       134.9980     -4.6375854E-04  4.7125667E-03
   0.3000000       135.1552     -1.1959040E-03  4.5760777E-03
   0.3000000       135.3123     -1.8964979E-03  4.3264958E-03
   0.3000000       135.4695     -2.5489617E-03  3.9704624E-03
   0.3000000       135.6266     -3.1367820E-03  3.5172566E-03
   0.3000000       135.7838     -3.6453544E-03  2.9787528E-03
   0.3000000       135.9409     -4.0629925E-03  2.3670890E-03
   0.3000000       136.0981     -4.3793414E-03  1.6986439E-03
   0.3000000       136.2552     -4.5864037E-03  9.8968088E-04
   0.3000000       136.4124     -4.6799006E-03  2.5714978E-04
   0.3000000       136.5696     -4.6576113E-03 -4.7909492E-04
   0.3000000       136.7267     -4.5201839E-03 -1.2028655E-03
   0.3000000       136.8839     -4.2709927E-03 -1.8948675E-03
   0.3000000       137.0410     -3.9176000E-03 -2.5388408E-03
   0.3000000       137.1982     -3.4673859E-03 -3.1189122E-03
   0.3000000       137.3554     -2.9323683E-03 -3.6198152E-03
   0.3000000       137.5125     -2.3265174E-03 -4.0315669E-03
   0.3000000       137.6697     -1.6638222E-03 -4.3425327E-03
   0.3000000       137.8268     -9.6176937E-04 -4.5454740E-03
   0.3000000       137.9840     -2.3733437E-04 -4.6354872E-03
   0.3000000       138.1411      4.9191259E-04 -4.6111331E-03
   0.3000000       138.2983      1.2076647E-03 -4.4733421E-03
   0.3000000       138.4555      1.8919638E-03 -4.2251959E-03
   0.3000000       138.6126      2.5282481E-03 -3.8729289E-03
   0.3000000       138.7698      3.1010329E-03 -3.4255770E-03
   0.3000000       138.9269      3.5959010E-03 -2.8952337E-03
   0.3000000       139.0841      4.0014754E-03 -2.2941963E-03
   0.3000000       139.2412      4.3074097E-03 -1.6374252E-03
   0.3000000       139.3984      4.5069167E-03 -9.4161142E-04
   0.3000000       139.5556      4.5944965E-03 -2.2368776E-04
   0.3000000       139.7127      4.5688497E-03  4.9735408E-04
   0.3000000       139.8699      4.4305753E-03  1.2058630E-03
   0.3000000       140.0270      4.1829953E-03  1.8828720E-03
   0.3000000       140.1842      3.8337449E-03  2.5122466E-03
   0.3000000       140.3413      3.3898668E-03  3.0793743E-03
   0.3000000       140.4985      2.8636188E-03  3.5684546E-03
   0.3000000       140.6557      2.2679491E-03  3.9689862E-03
   0.3000000       140.8128      1.6171838E-03  4.2709620E-03
   0.3000000       140.9700      9.2825852E-04  4.4672620E-03
   0.3000000       141.1271      2.1759208E-04  4.5532910E-03
   0.3000000       141.2843     -4.9677980E-04  4.5262952E-03
   0.3000000       141.4414     -1.1979067E-03  4.3887664E-03
   0.3000000       141.5986     -1.8679487E-03  4.1432925E-03
   0.3000000       141.7558     -2.4907624E-03  3.7961486E-03
   0.3000000       141.9129     -3.0503816E-03  3.3566444E-03
   0.3000000       142.0701     -3.5344562E-03  2.8348023E-03
   0.3000000       142.2272     -3.9302832E-03  2.2452050E-03
   0.3000000       142.3844     -4.2281267E-03  1.6008121E-03
   0.3000000       142.5415     -4.4216812E-03  9.1857684E-04
   0.3000000       142.6987     -4.5056888E-03  2.1568238E-04
   0.3000000       142.8559     -4.4792104E-03 -4.9168279E-04
   0.3000000       143.0130     -4.3423288E-03 -1.1850381E-03
   0.3000000       143.1702     -4.0985360E-03 -1.8472811E-03
   0.3000000       143.3273     -3.7547050E-03 -2.4635785E-03
   0.3000000       143.4845     -3.3192120E-03 -3.0176432E-03
   0.3000000       143.6416     -2.8029049E-03 -3.4953346E-03
   0.3000000       143.7988     -2.2192230E-03 -3.8861514E-03
   0.3000000       143.9560     -1.5816682E-03 -4.1812863E-03
   0.3000000       144.1131     -9.0674974E-04 -4.3716361E-03
   0.3000000       144.2703     -2.1164109E-04 -4.4538998E-03
   0.3000000       144.4274      4.8813960E-04 -4.4269064E-03
   0.3000000       144.5846      1.1732756E-03 -4.2911689E-03
   0.3000000       144.7417      1.8280337E-03 -4.0494902E-03
   0.3000000       144.8989      2.4366165E-03 -3.7087030E-03
   0.3000000       145.0561      2.9833701E-03 -3.2774627E-03
   0.3000000       145.2132      3.4549537E-03 -2.7664464E-03
   0.3000000       145.3704      3.8408444E-03 -2.1885394E-03
   0.3000000       145.5275      4.1309614E-03 -1.5582708E-03
   0.3000000       145.6847      4.3184548E-03 -8.9074252E-04
   0.3000000       145.8418      4.3991180E-03 -2.0337968E-04
   0.3000000       145.9990      4.3715639E-03  4.8704370E-04
   0.3000000       146.1562      4.2355563E-03  1.1649373E-03
   0.3000000       146.3133      3.9953515E-03  1.8118325E-03
   0.3000000       146.4705      3.6572770E-03  2.4122999E-03
   0.3000000       146.6276      3.2301203E-03  2.9522898E-03
   0.3000000       146.7848      2.7247828E-03  3.4176158E-03
   0.3000000       146.9419      2.1527659E-03  3.7976927E-03
   0.3000000       147.0991      1.5287645E-03  4.0834099E-03
   0.3000000       147.2563      8.6883531E-04  4.2673964E-03
   0.3000000       147.4134      1.8894022E-04  4.3454710E-03
   0.3000000       147.5706     -4.9419136E-04  4.3165293E-03
   0.3000000       147.7277     -1.1636751E-03  4.1805855E-03
   0.3000000       147.8849     -1.8024063E-03  3.9417329E-03
   0.3000000       148.0420     -2.3956564E-03  3.6065220E-03
   0.3000000       148.1992     -2.9284353E-03  3.1825104E-03
   0.3000000       148.3564     -3.3869909E-03  2.6808814E-03
   0.3000000       148.5135     -3.7615763E-03  2.1145088E-03
   0.3000000       148.6707     -4.0419637E-03  1.4967115E-03
   0.3000000       148.8278     -4.2218925E-03  8.4345229E-04
   0.3000000       148.9850     -4.2974190E-03  1.7096179E-04
   0.3000000       149.1421     -4.2666239E-03 -5.0490611E-04
   0.3000000       149.2993     -4.1301646E-03 -1.1661997E-03
   0.3000000       149.4565     -3.8921554E-03 -1.7978759E-03
   0.3000000       149.6136     -3.5585673E-03 -2.3830303E-03
   0.3000000       149.7708     -3.1375003E-03 -2.9086093E-03
   0.3000000       149.9279     -2.6401342E-03 -3.3621967E-03
   0.3000000       150.0851     -2.0783043E-03 -3.7302764E-03
   0.3000000       150.2422     -1.4665250E-03 -4.0068352E-03
   0.3000000       150.3994     -8.1899669E-04 -4.1829054E-03
   0.3000000       150.5566     -1.5316030E-04 -4.2553521E-03
   0.3000000       150.7137      5.1548722E-04 -4.2227888E-03
   0.3000000       150.8709      1.1702409E-03 -4.0858816E-03
   0.3000000       151.0280      1.7951747E-03 -3.8491385E-03
   0.3000000       151.1852      2.3743652E-03 -3.5168380E-03
   0.3000000       151.3423      2.8937235E-03 -3.0982371E-03
   0.3000000       151.4995      3.3403572E-03 -2.6048156E-03
   0.3000000       151.6567      3.7045777E-03 -2.0466563E-03
   0.3000000       151.8138      3.9756116E-03 -1.4397063E-03
   0.3000000       151.9710      4.1489387E-03 -7.9860067E-04
   0.3000000       152.1281      4.2191721E-03 -1.3850129E-04
   0.3000000       152.2853      4.1851178E-03  5.2380760E-04
   0.3000000       152.4424      4.0480890E-03  1.1721352E-03
   0.3000000       152.5996      3.8111452E-03  1.7901108E-03
   0.3000000       152.7568      3.4808796E-03  2.3630175E-03
   0.3000000       152.9139      3.0653935E-03  2.8770643E-03
   0.3000000       153.0711      2.5748606E-03  3.3186106E-03
   0.3000000       153.2282      2.0218212E-03  3.6773139E-03
   0.3000000       153.3854      1.4197476E-03  3.9453730E-03
   0.3000000       153.5425      7.8370655E-04  4.1157464E-03
   0.3000000       153.6997      1.2949355E-04  4.1845767E-03
   0.3000000       153.8569     -5.2660733E-04  4.1495510E-03
   0.3000000       154.0140     -1.1687907E-03  4.0122322E-03
   0.3000000       154.1712     -1.7808692E-03  3.7770597E-03
   0.3000000       154.3283     -2.3479233E-03  3.4485604E-03
   0.3000000       154.4855     -2.8558804E-03  3.0359081E-03
   0.3000000       154.6426     -3.2933468E-03  2.5495247E-03
   0.3000000       154.7998     -3.6482310E-03  2.0004914E-03
   0.3000000       154.9570     -3.9127413E-03  1.4035354E-03
   0.3000000       155.1141     -4.0806453E-03  7.7374134E-04
   0.3000000       155.2713     -4.1476679E-03  1.2576455E-04
   0.3000000       155.4284     -4.1117370E-03 -5.2439817E-04
   0.3000000       155.5856     -3.9755916E-03 -1.1599426E-03
   0.3000000       155.7427     -3.7412744E-03 -1.7665252E-03
   0.3000000       155.8999     -3.4156311E-03 -2.3275686E-03
   0.3000000       156.0571     -3.0067936E-03 -2.8303405E-03
   0.3000000       156.2142     -2.5238760E-03 -3.2632432E-03
   0.3000000       156.3714     -1.9802530E-03 -3.6139681E-03
   0.3000000       156.5285     -1.3892518E-03 -3.8756514E-03
   0.3000000       156.6857     -7.6483126E-04 -4.0406194E-03
   0.3000000       156.8428     -1.2251997E-04 -4.1064871E-03
   0.3000000       157.0000      5.2083010E-04 -4.0709223E-03
