    1.000000000000000        0.2675973266311409     
    2.000000000000000        0.2129587974597118     
    3.000000000000000        0.1766920416364454     
    4.000000000000000        0.1533704339080190     
    5.000000000000000        0.1372367270908005     
    6.000000000000000        0.1253018523659239     
    7.000000000000000        0.1160256145521399     
    8.000000000000000        0.1085511357763670     
    9.000000000000000        0.1023632423125657     
    10.00000000000000        9.7131817659115022E-002
    11.00000000000000        9.2634364611360070E-002
    12.00000000000000        8.8714741601742447E-002
    13.00000000000000        8.5259712212515618E-002
    14.00000000000000        8.2184886313440730E-002
    15.00000000000000        7.9425911470842700E-002
    16.00000000000000        7.6932750113964485E-002
    17.00000000000000        7.4665803603448905E-002
    18.00000000000000        7.2593302128461434E-002
    19.00000000000000        7.0689403287683791E-002
    20.00000000000000        6.8932843193713608E-002
    21.00000000000000        6.7305944635286247E-002
    22.00000000000000        6.5793876619807470E-002
    23.00000000000000        6.4384102583915789E-002
    24.00000000000000        6.3065890167149710E-002
    25.00000000000000        6.1830069964973887E-002
    26.00000000000000        6.0668705838884840E-002
    27.00000000000000        5.9574908898120865E-002
    28.00000000000000        5.8542625296223498E-002
    29.00000000000000        5.7566576337112811E-002
    30.00000000000000        5.6642102136650441E-002
    1.000000000000000        0.3568243761824343     
    2.000000000000000        0.2583351858843949     
    3.000000000000000        0.2113584290602558     
    4.000000000000000        0.1831887485462950     
    5.000000000000000        0.1639361405144671     
    6.000000000000000        0.1497203357473348     
    7.000000000000000        0.1386755968748285     
    8.000000000000000        0.1297794575350788     
    9.000000000000000        0.1224186079180223     
    10.00000000000000        0.1161999552380435     
    11.00000000000000        0.1108583982124143     
    12.00000000000000        0.1062078007915833     
    13.00000000000000        0.1021131186285455     
    14.00000000000000        9.8473678748935131E-002
    15.00000000000000        9.5212692091115270E-002
    16.00000000000000        9.2270444431422127E-002
    17.00000000000000        8.9599666772921499E-002
    18.00000000000000        8.7162439261409527E-002
    19.00000000000000        8.4927918304275929E-002
    20.00000000000000        8.2870715183884280E-002
    21.00000000000000        8.0969744379292413E-002
    22.00000000000000        7.9207299576842707E-002
    23.00000000000000        7.7568410503867716E-002
    24.00000000000000        7.6040297734462678E-002
    25.00000000000000        7.4612028201984953E-002
    26.00000000000000        7.3274134291081761E-002
    27.00000000000000        7.2018417045147998E-002
    28.00000000000000        7.0837676558812582E-002
    29.00000000000000        6.9725634830945141E-002
    30.00000000000000        6.8676752677739775E-002
    1.000000000000000        0.3773653964941659     
    2.000000000000000        0.2703710057732240     
    3.000000000000000        0.2213624800228120     
    4.000000000000000        0.1919389353031818     
    5.000000000000000        0.1718106214368037     
    6.000000000000000        0.1569438673383821     
    7.000000000000000        0.1453938216699251     
    8.000000000000000        0.1360929062889826     
    9.000000000000000        0.1284001149174735     
    10.00000000000000        0.1219043251749383     
    11.00000000000000        0.1163281594381280     
    12.00000000000000        0.1114768000088334     
    13.00000000000000        0.1072088746956389     
    14.00000000000000        0.1034189814945117     
    15.00000000000000        0.1000267140536136     
    16.00000000000000        9.6969542519738133E-002
    17.00000000000000        9.4197993855906423E-002
    18.00000000000000        9.1672366595333774E-002
    19.00000000000000        8.9360365349082496E-002
    20.00000000000000        8.7235439423930805E-002
    21.00000000000000        8.5275534018421070E-002
    22.00000000000000        8.3462133512479761E-002
    23.00000000000000        8.1779618618301159E-002
    24.00000000000000        8.0214650255965123E-002
    25.00000000000000        7.8755815697089088E-002
    26.00000000000000        7.7393270755577670E-002
    27.00000000000000        7.6118476775817651E-002
    28.00000000000000        7.4923985986122141E-002
    29.00000000000000        7.3803289352116400E-002
    30.00000000000000        7.2750666842566203E-002
    1.000000000000000        0.3837594651210411     
    2.000000000000000        0.2750746823360439     
    3.000000000000000        0.2253263837815550     
    4.000000000000000        0.1954189473664223     
    5.000000000000000        0.1749512500611781     
    6.000000000000000        0.1598328640470722     
    7.000000000000000        0.1480886680941451     
    8.000000000000000        0.1386336056708071     
    9.000000000000000        0.1308158626924079     
    10.00000000000000        0.1242172639516131     
    11.00000000000000        0.1185556150434499     
    12.00000000000000        0.1136326947047724     
    13.00000000000000        0.1093046574862408     
    14.00000000000000        0.1054642528751417     
    15.00000000000000        0.1020296731699939     
    16.00000000000000        9.8937318167520855E-002
    17.00000000000000        9.6136864696253391E-002
    18.00000000000000        9.3587948757430844E-002
    19.00000000000000        9.1257767883564211E-002
    20.00000000000000        8.9119345046406992E-002
    21.00000000000000        8.7150306793367313E-002
    22.00000000000000        8.5331890938269442E-002
    23.00000000000000        8.3648268612313240E-002
    24.00000000000000        8.2085972875351701E-002
    25.00000000000000        8.0633497961066336E-002
    26.00000000000000        7.9280938949897545E-002
    27.00000000000000        7.8019740834866694E-002
    28.00000000000000        7.6842466461522166E-002
    29.00000000000000        7.5742651815417866E-002
    30.00000000000000        7.4714655468374011E-002
    1.000000000000000        0.3865563122805263     
    2.000000000000000        0.2773578419020623     
    3.000000000000000        0.2272585319176338     
    4.000000000000000        0.1971199841130599     
    5.000000000000000        0.1764906997357187     
    6.000000000000000        0.1612533815071470     
    7.000000000000000        0.1494184133270288     
    8.000000000000000        0.1398923264137597     
    9.000000000000000        0.1320180950523580     
    10.00000000000000        0.1253741438648652     
    11.00000000000000        0.1196759662580115     
    12.00000000000000        0.1147237108519984     
    13.00000000000000        0.1103723585913001     
    14.00000000000000        0.1065137997566984     
    15.00000000000000        0.1030655961087658     
    16.00000000000000        9.9963651375253357E-002
    17.00000000000000        9.7157306072012159E-002
    18.00000000000000        9.4605931746026620E-002
    19.00000000000000        9.2276534604488342E-002
    20.00000000000000        9.0142031912285508E-002
    21.00000000000000        8.8179960360221493E-002
    22.00000000000000        8.6371560337575384E-002
    23.00000000000000        8.4701012365115208E-002
    24.00000000000000        8.3154918738554406E-002
    25.00000000000000        8.1721874775053188E-002
    26.00000000000000        8.0392124041094803E-002
    27.00000000000000        7.9157299420945432E-002
    28.00000000000000        7.8010214121343707E-002
    29.00000000000000        7.6944666627848518E-002
    30.00000000000000        7.5955368531810522E-002
    1.000000000000000        0.3880651456194429     
    2.000000000000000        0.2786290128339739     
    3.000000000000000        0.2283373969585865     
    4.000000000000000        0.1980723966813035     
    5.000000000000000        0.1773553086678479     
    6.000000000000000        0.1620540875774795     
    7.000000000000000        0.1501711197956283     
    8.000000000000000        0.1406082901065541     
    9.000000000000000        0.1327056993780960     
    10.00000000000000        0.1260399043769416     
    11.00000000000000        0.1203251399986381     
    12.00000000000000        0.1153606917660337     
    13.00000000000000        0.1110009209958117     
    14.00000000000000        0.1071372940129289     
    15.00000000000000        0.1036870659846109     
    16.00000000000000        0.1005859495810646     
    17.00000000000000        9.7783155936236682E-002
    18.00000000000000        9.5238006235744521E-002
    19.00000000000000        9.2917502156344159E-002
    20.00000000000000        9.0794611393962249E-002
    21.00000000000000        8.8846990496746797E-002
    22.00000000000000        8.7056012001097666E-002
    23.00000000000000        8.5406086766199929E-002
    24.00000000000000        8.3884081560980053E-002
    25.00000000000000        8.2478929715980351E-002
    26.00000000000000        8.1181286303218095E-002
    27.00000000000000        7.9983288316489876E-002
    28.00000000000000        7.8878357584602390E-002
    29.00000000000000        7.7861060972789220E-002
    30.00000000000000        7.6927016752329908E-002
    1.000000000000000        0.3889808982125030     
    2.000000000000000        0.2794069664446079     
    3.000000000000000        0.2289993967096902     
    4.000000000000000        0.1986585201825299     
    5.000000000000000        0.1778892840814071     
    6.000000000000000        0.1625507018640576     
    7.000000000000000        0.1506403061780667     
    8.000000000000000        0.1410571605748825     
    9.000000000000000        0.1331396428039025     
    10.00000000000000        0.1264631967516754     
    11.00000000000000        0.1207413254537562     
    12.00000000000000        0.1157728274571502     
    13.00000000000000        0.1114117401498480     
    14.00000000000000        0.1075493300151242     
    15.00000000000000        0.1041027449477587     
    16.00000000000000        0.1010076669906082     
    17.00000000000000        9.8213339897970542E-002
    18.00000000000000        9.5679181006446082E-002
    19.00000000000000        9.3372359935565211E-002
    20.00000000000000        9.1266063397554650E-002
    21.00000000000000        8.9338245807911332E-002
    22.00000000000000        8.7570674602728632E-002
    23.00000000000000        8.5948243296498458E-002
    24.00000000000000        8.4458435742094523E-002
    25.00000000000000        8.3090958821575883E-002
    26.00000000000000        8.1837439500196077E-002
    27.00000000000000        8.0691254224009828E-002
    28.00000000000000        7.9647386530804970E-002
    29.00000000000000        7.8702429221108219E-002
    30.00000000000000        7.7854637437012111E-002
    1.000000000000000        0.3895796143821237     
    2.000000000000000        0.2799170179250549     
    3.000000000000000        0.2294345808597225     
    4.000000000000000        0.1990450819480663     
    5.000000000000000        0.1782428811079216     
    6.000000000000000        0.1628811797484483     
    7.000000000000000        0.1509543560597879     
    8.000000000000000        0.1413596552455715     
    9.000000000000000        0.1334343522148011     
    10.00000000000000        0.1267532007743981     
    11.00000000000000        0.1210292669696647     
    12.00000000000000        0.1160610856360346     
    13.00000000000000        0.1117025644235976     
    14.00000000000000        0.1078449081136078     
    15.00000000000000        0.1044053026962968     
    16.00000000000000        0.1013195432286724     
    17.00000000000000        9.8537054637394428E-002
    18.00000000000000        9.6017514013045369E-002
    19.00000000000000        9.3728454824778859E-002
    20.00000000000000        9.1643541292566064E-002
    21.00000000000000        8.9741343178160543E-002
    22.00000000000000        8.8004429613808513E-002
    23.00000000000000        8.6418747932106910E-002
    24.00000000000000        8.4973136555857698E-002
    25.00000000000000        8.3659110656430488E-002
    26.00000000000000        8.2470739673762991E-002
    27.00000000000000        8.1404719858098620E-002
    28.00000000000000        8.0460668251524092E-002
    29.00000000000000        7.9641772392666454E-002
    30.00000000000000        7.8955954967882408E-002
    1.000000000000000        0.3899924137093536     
    2.000000000000000        0.2802693269243536     
    3.000000000000000        0.2297360155377050     
    4.000000000000000        0.1993138030375725     
    5.000000000000000        0.1784898088813580     
    6.000000000000000        0.1631132531051525     
    7.000000000000000        0.1511763606772187     
    8.000000000000000        0.1415751525886909     
    9.000000000000000        0.1336461777733225     
    10.00000000000000        0.1269637576901678     
    11.00000000000000        0.1212407216099496     
    12.00000000000000        0.1162754855018300     
    13.00000000000000        0.1119219456129679     
    14.00000000000000        0.1080713989176941     
    15.00000000000000        0.1046412011656038     
    16.00000000000000        0.1015674008279359     
    17.00000000000000        9.8799803820886489E-002
    18.00000000000000        9.6298596525480243E-002
    19.00000000000000        9.4031991983079002E-002
    20.00000000000000        9.1974576287367285E-002
    21.00000000000000        9.0106158986358445E-002
    22.00000000000000        8.8410997535732519E-002
    23.00000000000000        8.6877375209092916E-002
    24.00000000000000        8.5497456944970379E-002
    25.00000000000000        8.4267561474676525E-002
    26.00000000000000        8.3188912395081666E-002
    27.00000000000000        8.2269294373752078E-002
    28.00000000000000        8.1526236128871873E-002
    29.00000000000000        8.0993594688473114E-002
    30.00000000000000        8.0735710004208816E-002
    1.000000000000000        0.3902889921417352     
    2.000000000000000        0.2805229008815502     
    3.000000000000000        0.2299536340585246     
    4.000000000000000        0.1995085938025905     
    5.000000000000000        0.1786697321310235     
    6.000000000000000        0.1632834304060032     
    7.000000000000000        0.1513403942661368     
    8.000000000000000        0.1417357977476589     
    9.000000000000000        0.1338057064395949     
    10.00000000000000        0.1271241891090124     
    11.00000000000000        0.1214039674881353     
    12.00000000000000        0.1164434706258779     
    13.00000000000000        0.1120967091283041     
    14.00000000000000        0.1082551918700102     
    15.00000000000000        0.1048366107897243     
    16.00000000000000        0.1017774876554242     
    17.00000000000000        9.9028297060476625E-002
    18.00000000000000        9.6550145842448393E-002
    19.00000000000000        9.4312536655250301E-002
    20.00000000000000        9.2291867970920385E-002
    21.00000000000000        9.0470569518306662E-002
    22.00000000000000        8.8836788927148191E-002
    23.00000000000000        8.7384730399834326E-002
    24.00000000000000        8.6116000979196070E-002
    25.00000000000000        8.5042687011757295E-002
    26.00000000000000        8.4194108937758846E-002
    27.00000000000000        8.3632519418992343E-002
    28.00000000000000        8.3494508979568130E-002
    29.00000000000000        8.4126712318855726E-002
    30.00000000000000        8.6742252932328248E-002
