    1.000000000000000        0.2675973266311409     
    2.000000000000000        0.2129587974597118     
    3.000000000000000        0.1766920416364454     
    4.000000000000000        0.1533704339080190     
    5.000000000000000        0.1372367270908005     
    6.000000000000000        0.1253018523659239     
    7.000000000000000        0.1160256145521399     
    8.000000000000000        0.1085511357763670     
    9.000000000000000        0.1023632423125657     
    10.00000000000000        9.7131817659115022E-002
    11.00000000000000        9.2634364611360070E-002
    12.00000000000000        8.8714741601742447E-002
    13.00000000000000        8.5259712212515618E-002
    14.00000000000000        8.2184886313440730E-002
    15.00000000000000        7.9425911470842700E-002
    16.00000000000000        7.6932750113964485E-002
    17.00000000000000        7.4665803603448905E-002
    18.00000000000000        7.2593302128461434E-002
    19.00000000000000        7.0689403287683791E-002
    20.00000000000000        6.8932843193713608E-002
    21.00000000000000        6.7305944635286247E-002
    22.00000000000000        6.5793876619807470E-002
    23.00000000000000        6.4384102583915789E-002
    24.00000000000000        6.3065890167149710E-002
    25.00000000000000        6.1830069964973887E-002
    26.00000000000000        6.0668705838884840E-002
    27.00000000000000        5.9574908898120865E-002
    28.00000000000000        5.8542625296223498E-002
    29.00000000000000        5.7566576337112811E-002
    30.00000000000000        5.6642102136650441E-002
