    1.000000000000000        0.3889486844679648     
    2.000000000000000        0.2788380308455931     
    3.000000000000000        0.2269050566773036     
    4.000000000000000        0.1945720339882626     
    5.000000000000000        0.1716617978472281     
    6.000000000000000        0.1541549167106451     
    7.000000000000000        0.1400851071288859     
    8.000000000000000        0.1283675558483488     
    9.000000000000000        0.1183565508023756     
    10.00000000000000        0.1096449913653264     
    11.00000000000000        0.1019633558418890     
    12.00000000000000        9.5123566351792865E-002
    13.00000000000000        8.8989789295922828E-002
    14.00000000000000        8.3458746770101302E-002
    15.00000000000000        7.8449146008987988E-002
    16.00000000000000        7.3895838907809305E-002
    17.00000000000000        6.9745007584489538E-002
    18.00000000000000        6.5951224775936707E-002
    19.00000000000000        6.2475254770909476E-002
    20.00000000000000        5.9283588529973043E-002
    21.00000000000000        5.6347234343143371E-002
    22.00000000000000        5.3640850769183485E-002
    23.00000000000000        5.1141440830904633E-002
    24.00000000000000        4.8828760062156459E-002
    25.00000000000000        4.6685490257477313E-002
