    1.000000000000000        0.3568243761824343     
    2.000000000000000        0.2583351858843949     
    3.000000000000000        0.2113584290602558     
    4.000000000000000        0.1831887485462950     
    5.000000000000000        0.1639361405144671     
    6.000000000000000        0.1497203357473348     
    7.000000000000000        0.1386755968748285     
    8.000000000000000        0.1297794575350788     
    9.000000000000000        0.1224186079180223     
    10.00000000000000        0.1161999552380435     
    11.00000000000000        0.1108583982124143     
    12.00000000000000        0.1062078007915833     
    13.00000000000000        0.1021131186285455     
    14.00000000000000        9.8473678748935131E-002
    15.00000000000000        9.5212692091115270E-002
    16.00000000000000        9.2270444431422127E-002
    17.00000000000000        8.9599666772921499E-002
    18.00000000000000        8.7162439261409527E-002
    19.00000000000000        8.4927918304275929E-002
    20.00000000000000        8.2870715183884280E-002
    21.00000000000000        8.0969744379292413E-002
    22.00000000000000        7.9207299576842707E-002
    23.00000000000000        7.7568410503867716E-002
    24.00000000000000        7.6040297734462678E-002
    25.00000000000000        7.4612028201984953E-002
    26.00000000000000        7.3274134291081761E-002
    27.00000000000000        7.2018417045147998E-002
    28.00000000000000        7.0837676558812582E-002
    29.00000000000000        6.9725634830945141E-002
    30.00000000000000        6.8676752677739775E-002
