    1.000000000000000        0.3918299666326372     
    1.100000001490116        0.3750080997450266     
    1.200000002980232        0.3601354778976016     
    1.300000004470348        0.3468659192427837     
    1.400000005960464        0.3349325664700943     
    1.500000007450581        0.3241261621985740     
    1.600000008940697        0.3142801077315219     
    1.700000010430813        0.3052599801462326     
    1.800000011920929        0.2969560254310514     
    1.900000013411045        0.2892776865249964     
    2.000000014901161        0.2821495298110012     
    2.100000016391277        0.2755081872170499     
    2.200000017881393        0.2693000152718665     
    2.300000019371510        0.2634793155660695     
    2.400000020861626        0.2580069609003262     
    2.500000022351742        0.2528493008225383     
    2.600000023841858        0.2479774116578060     
    2.700000025331974        0.2433665602756268     
    2.800000026822090        0.2389961197570097     
    2.900000028312206        0.2348503618952886     
    3.000000029802322        0.2309223263825049     
    3.100000031292439        0.2272338508154132     
    3.200000032782555        0.2241222432528171     
    3.300000034272671        0.2191850126881172     
    3.400000035762787        0.2161280779684613     
    3.500000037252903        0.2131112358563738     
    3.600000038743019        0.2101830390393087     
    3.700000040233135        0.2073462150818947     
    3.800000041723251        0.2045940040454038     
    3.900000043213367        0.2019102684893704     
    4.000000044703484        0.1992342580964299     
    4.100000046193600        0.1990874385865064     
    4.200000047683716        0.1959585849701355     
    4.300000049173832        0.1936123921995009     
    4.400000050663948        0.1914272281959524     
    4.500000052154064        0.1893389823390597     
    4.600000053644180        0.1873271781288841     
    4.700000055134296        0.1853817953216168     
    4.800000056624413        0.1834965451704221     
    4.900000058114529        0.1816668710601073     
    5.000000059604645        0.1798891260165260     
    5.100000061094761        0.1781603080948689     
    5.200000062584877        0.1764778137069878     
    5.300000064074993        0.1748393845188062     
    5.400000065565109        0.1732430759778458     
    5.500000067055225        0.1716872618049116     
    5.600000068545341        0.1701706497293276     
    5.700000070035458        0.1686923581774764     
    5.800000071525574        0.1672521261626765     
    5.900000073015690        0.1658506639044601     
    6.000000074505806        0.1644904936842040     
    6.100000075995922        0.1631779834473955     
    6.200000077486038        0.1619295997254148     
    6.300000078976154        0.1607973167745148     
    6.400000080466270        0.1600738059176021     
    6.500000081956387        0.1564783199835601     
    6.600000083446503        0.1555681813626560     
    6.700000084936619        0.1545112554280751     
    6.800000086426735        0.1534445300459805     
    6.900000087916851        0.1523841179244151     
    7.000000089406967        0.1513345897647430     
    7.100000090897083        0.1502975573561017     
    7.200000092387199        0.1492734600805584     
    7.300000093877316        0.1482622426290960     
    7.400000095367432        0.1472634714331525     
    7.500000096857548        0.1462764819401498     
    7.600000098347664        0.1453002409757579     
    7.700000099837780        0.1443331451458284     
    7.800000101327896        0.1433723773380369     
    7.900000102818012        0.1424119774444375     
    8.000000104308128        0.1414339365396739     
    8.100000105798244        0.1403116058959846     
    8.200000107288361        0.1428369260404840     
    8.300000108778477        0.1410653953779588     
    8.400000110268593        0.1399930273323257     
    8.500000111758709        0.1390789890824740     
    8.600000113248825        0.1382346396512168     
    8.700000114738941        0.1374316394838402     
    8.800000116229057        0.1366582491376397     
    8.900000117719173        0.1359092148719003     
    9.000000119209290        0.1351826923360787     
    9.100000120699406        0.1344793672694729     
    9.200000122189522        0.1338028694253629     
    9.300000123679638        0.1331618502885981     
    9.400000125169754        0.1325766191783458     
    9.500000126659870        0.1321031303425640     
    9.600000128149986        0.1319755824957542     
    9.700000129640102        0.1178769361912334     
    9.800000131130219        0.1279981021512267     
    9.900000132620335        0.1274885212601570     
    10.00000013411045        0.1269400077376420     
    10.10000013560057        0.1263820299373374     
    10.20000013709068        0.1258218711097120     
    10.30000013858080        0.1252622402640410     
    10.40000014007092        0.1247044177519116     
    10.50000014156103        0.1241490139382362     
    10.60000014305115        0.1235963519557634     
    10.70000014454126        0.1230466255082093     
    10.80000014603138        0.1224999049241991     
    10.90000014752150        0.1219562497627524     
    11.00000014901161        0.1214156315742693     
    11.10000015050173        0.1208780344570373     
    11.20000015199184        0.1203434183030777     
    11.30000015348196        0.1198116875030306     
    11.40000015497208        0.1192827139729213     
    11.50000015646219        0.1187563300913197     
    11.60000015795231        0.1182321757606767     
    11.70000015944242        0.1177096841312012     
    11.80000016093254        0.1171876190397372     
    11.90000016242266        0.1166631639863447     
    12.00000016391277        0.1161285316109104     
    12.10000016540289        0.1155524092237104     
    12.20000016689301        0.1143390626762395     
    12.30000016838312        0.1186663882940385     
    12.40000016987324        0.1172900526828860     
    12.50000017136335        0.1165739224635658     
    12.60000017285347        0.1160878820043158     
    12.70000017434359        0.1157884968432597     
    12.80000017583370        0.1158304160114913     
    12.90000017732382        0.1179213120714898     
    13.00000017881393        0.1116712559675261     
    13.10000018030405        0.1114144072735529     
    13.20000018179417        0.1110776199982309     
    13.30000018328428        0.1107262179582628     
    13.40000018477440        0.1103710190807233     
    13.50000018626451        0.1100151789693904     
    13.60000018775463        0.1096598593889030     
    13.70000018924475        0.1093055273895942     
    13.80000019073486        0.1089523938509369     
    13.90000019222498        0.1086005058440931     
    14.00000019371510        0.1082499489564525     
    14.10000019520521        0.1079007185021106     
    14.20000019669533        0.1075528408129282     
    14.30000019818544        0.1072063915901122     
    14.40000019967556        0.1068614325562691     
    14.50000020116568        0.1065181256163203     
    14.60000020265579        0.1061766074334278     
    14.70000020414591        0.1058371221255704     
    14.80000020563602        0.1054999903990655     
    14.90000020712614        0.1051656346895241     
    15.00000020861626        0.1048346093118643     
    15.10000021010637        0.1045077308155637     
    15.20000021159649        0.1041860760420225     
    15.30000021308661        0.1038712545862043     
    15.40000021457672        0.1035656320378247     
    15.50000021606684        0.1032728531544056     
    15.60000021755695        0.1029988930388966     
    15.70000021904707        0.1027543544119010     
    15.80000022053719        0.1025599695126450     
    15.90000022202730        0.1024634850083194     
    16.00000022351742        0.1026085440385669     
    16.10000022500753        0.1037982922325247     
    16.20000022649765        9.7771942920405211E-002
    16.30000022798777        0.1101973858267914     
    16.40000022947788        0.1024653389536872     
    16.50000023096800        0.1012920294461722     
    16.60000023245811        0.1006515250597277     
    16.70000023394823        0.1001865494407349     
    16.80000023543835        9.9803149514873249E-002
    16.90000023692846        9.9464820576094987E-002
    17.00000023841858        9.9154235593226447E-002
    17.10000023990870        9.8862019860296746E-002
    17.20000024139881        9.8582670223757773E-002
    17.30000024288893        9.8312783131960346E-002
    17.40000024437904        9.8050135270074362E-002
    17.50000024586916        9.7793245164513071E-002
    17.60000024735928        9.7541172808764842E-002
    17.70000024884939        9.7293271865648318E-002
    17.80000025033951        9.7049189436214711E-002
    17.90000025182962        9.6808796648177861E-002
    18.00000025331974        9.6572169010515074E-002
    18.10000025480986        9.6339631714902854E-002
    18.20000025629997        9.6111683301760426E-002
    18.30000025779009        9.5889176728376671E-002
    18.40000025928020        9.5673376284669917E-002
    18.50000026077032        9.5466131747016722E-002
    18.60000026226044        9.5270185031019958E-002
    18.70000026375055        9.5089828606934199E-002
    18.80000026524067        9.4931847290885565E-002
    18.90000026673079        9.4807987265250693E-002
    19.00000026822090        9.4740221749693085E-002
    19.10000026971102        9.4775627431877479E-002
    19.20000027120113        9.5040001453025866E-002
    19.30000027269125        9.6056060776197355E-002
    19.40000027418137        7.2791499554501898E-002
    19.50000027567148        9.0393922343814270E-002
    19.60000027716160        9.0295463943250262E-002
    19.70000027865171        9.0124742410301731E-002
    19.80000028014183        8.9929591805571849E-002
    19.90000028163195        8.9719131040344055E-002
