1
0.200000 0.000000
1
0.200000 0.157157
1
0.200000 0.314314
1
0.200000 0.471471
1
0.200000 0.628629
1
0.200000 0.785786
1
0.200000 0.942943
1
0.200000 1.100100
1
0.200000 1.257257
1
0.200000 1.414414
1
0.200000 1.571572
1
0.200000 1.728729
1
0.200000 1.885886
1
0.200000 2.043043
1
0.200000 2.200200
1
0.200000 2.357357
1
0.200000 2.514515
1
0.200000 2.671672
1
0.200000 2.828829
1
0.200000 2.985986
1
0.200000 3.143143
1
0.200000 3.300300
1
0.200000 3.457457
1
0.200000 3.614615
1
0.200000 3.771772
1
0.200000 3.928929
1
0.200000 4.086086
1
0.200000 4.243243
1
0.200000 4.400400
1
0.200000 4.557558
1
0.200000 4.714715
1
0.200000 4.871872
1
0.200000 5.029029
1
0.200000 5.186186
1
0.200000 5.343343
1
0.200000 5.500501
1
0.200000 5.657658
1
0.200000 5.814815
1
0.200000 5.971972
1
0.200000 6.129129
1
0.200000 6.286286
1
0.200000 6.443443
1
0.200000 6.600601
1
0.200000 6.757758
1
0.200000 6.914915
1
0.200000 7.072072
1
0.200000 7.229229
1
0.200000 7.386386
1
0.200000 7.543544
1
0.200000 7.700701
1
0.200000 7.857858
1
0.200000 8.015015
1
0.200000 8.172172
1
0.200000 8.329329
1
0.200000 8.486486
1
0.200000 8.643644
1
0.200000 8.800801
1
0.200000 8.957958
1
0.200000 9.115115
1
0.200000 9.272272
1
0.200000 9.429429
1
0.200000 9.586587
1
0.200000 9.743744
1
0.200000 9.900901
1
0.200000 10.058058
1
0.200000 10.215215
1
0.200000 10.372372
1
0.200000 10.529530
1
0.200000 10.686687
1
0.200000 10.843844
1
0.200000 11.001001
1
0.200000 11.158158
1
0.200000 11.315315
1
0.200000 11.472472
1
0.200000 11.629630
1
0.200000 11.786787
1
0.200000 11.943944
1
0.200000 12.101101
1
0.200000 12.258258
1
0.200000 12.415415
1
0.200000 12.572573
1
0.200000 12.729730
1
0.200000 12.886887
1
0.200000 13.044044
1
0.200000 13.201201
1
0.200000 13.358358
1
0.200000 13.515516
1
0.200000 13.672673
1
0.200000 13.829830
1
0.200000 13.986987
1
0.200000 14.144144
1
0.200000 14.301301
1
0.200000 14.458458
1
0.200000 14.615616
1
0.200000 14.772773
1
0.200000 14.929930
1
0.200000 15.087087
1
0.200000 15.244244
1
0.200000 15.401401
1
0.200000 15.558559
1
0.200000 15.715716
1
0.200000 15.872873
1
0.200000 16.030030
1
0.200000 16.187187
1
0.200000 16.344344
1
0.200000 16.501502
1
0.200000 16.658659
1
0.200000 16.815816
1
0.200000 16.972973
1
0.200000 17.130130
1
0.200000 17.287287
1
0.200000 17.444444
1
0.200000 17.601602
1
0.200000 17.758759
1
0.200000 17.915916
1
0.200000 18.073073
1
0.200000 18.230230
1
0.200000 18.387387
1
0.200000 18.544545
1
0.200000 18.701702
1
0.200000 18.858859
1
0.200000 19.016016
1
0.200000 19.173173
1
0.200000 19.330330
1
0.200000 19.487487
1
0.200000 19.644645
1
0.200000 19.801802
1
0.200000 19.958959
1
0.200000 20.116116
1
0.200000 20.273273
1
0.200000 20.430430
1
0.200000 20.587588
1
0.200000 20.744745
1
0.200000 20.901902
1
0.200000 21.059059
1
0.200000 21.216216
1
0.200000 21.373373
1
0.200000 21.530531
1
0.200000 21.687688
1
0.200000 21.844845
1
0.200000 22.002002
1
0.200000 22.159159
1
0.200000 22.316316
1
0.200000 22.473473
1
0.200000 22.630631
1
0.200000 22.787788
1
0.200000 22.944945
1
0.200000 23.102102
1
0.200000 23.259259
1
0.200000 23.416416
1
0.200000 23.573574
1
0.200000 23.730731
1
0.200000 23.887888
1
0.200000 24.045045
1
0.200000 24.202202
1
0.200000 24.359359
1
0.200000 24.516517
1
0.200000 24.673674
1
0.200000 24.830831
1
0.200000 24.987988
1
0.200000 25.145145
1
0.200000 25.302302
1
0.200000 25.459459
1
0.200000 25.616617
1
0.200000 25.773774
1
0.200000 25.930931
1
0.200000 26.088088
1
0.200000 26.245245
1
0.200000 26.402402
1
0.200000 26.559560
1
0.200000 26.716717
1
0.200000 26.873874
1
0.200000 27.031031
1
0.200000 27.188188
1
0.200000 27.345345
1
0.200000 27.502503
1
0.200000 27.659660
1
0.200000 27.816817
1
0.200000 27.973974
1
0.200000 28.131131
1
0.200000 28.288288
1
0.200000 28.445445
1
0.200000 28.602603
1
0.200000 28.759760
1
0.200000 28.916917
1
0.200000 29.074074
1
0.200000 29.231231
1
0.200000 29.388388
1
0.200000 29.545546
1
0.200000 29.702703
1
0.200000 29.859860
1
0.200000 30.017017
1
0.200000 30.174174
1
0.200000 30.331331
1
0.200000 30.488488
1
0.200000 30.645646
1
0.200000 30.802803
1
0.200000 30.959960
1
0.200000 31.117117
1
0.200000 31.274274
1
0.200000 31.431431
1
0.200000 31.588589
1
0.200000 31.745746
1
0.200000 31.902903
1
0.200000 32.060060
1
0.200000 32.217217
1
0.200000 32.374374
1
0.200000 32.531532
1
0.200000 32.688689
1
0.200000 32.845846
1
0.200000 33.003003
1
0.200000 33.160160
1
0.200000 33.317317
1
0.200000 33.474474
1
0.200000 33.631632
1
0.200000 33.788789
1
0.200000 33.945946
1
0.200000 34.103103
1
0.200000 34.260260
1
0.200000 34.417417
1
0.200000 34.574575
1
0.200000 34.731732
1
0.200000 34.888889
1
0.200000 35.046046
1
0.200000 35.203203
1
0.200000 35.360360
1
0.200000 35.517518
1
0.200000 35.674675
1
0.200000 35.831832
1
0.200000 35.988989
1
0.200000 36.146146
1
0.200000 36.303303
1
0.200000 36.460460
1
0.200000 36.617618
1
0.200000 36.774775
1
0.200000 36.931932
1
0.200000 37.089089
1
0.200000 37.246246
1
0.200000 37.403403
1
0.200000 37.560561
1
0.200000 37.717718
1
0.200000 37.874875
1
0.200000 38.032032
1
0.200000 38.189189
1
0.200000 38.346346
1
0.200000 38.503504
1
0.200000 38.660661
1
0.200000 38.817818
1
0.200000 38.974975
1
0.200000 39.132132
1
0.200000 39.289289
1
0.200000 39.446446
1
0.200000 39.603604
1
0.200000 39.760761
1
0.200000 39.917918
1
0.200000 40.075075
1
0.200000 40.232232
1
0.200000 40.389389
1
0.200000 40.546547
1
0.200000 40.703704
1
0.200000 40.860861
1
0.200000 41.018018
1
0.200000 41.175175
1
0.200000 41.332332
1
0.200000 41.489489
1
0.200000 41.646647
1
0.200000 41.803804
1
0.200000 41.960961
1
0.200000 42.118118
1
0.200000 42.275275
1
0.200000 42.432432
1
0.200000 42.589590
1
0.200000 42.746747
1
0.200000 42.903904
1
0.200000 43.061061
1
0.200000 43.218218
1
0.200000 43.375375
1
0.200000 43.532533
1
0.200000 43.689690
1
0.200000 43.846847
1
0.200000 44.004004
1
0.200000 44.161161
1
0.200000 44.318318
1
0.200000 44.475475
1
0.200000 44.632633
1
0.200000 44.789790
1
0.200000 44.946947
1
0.200000 45.104104
1
0.200000 45.261261
1
0.200000 45.418418
1
0.200000 45.575576
1
0.200000 45.732733
1
0.200000 45.889890
1
0.200000 46.047047
1
0.200000 46.204204
1
0.200000 46.361361
1
0.200000 46.518519
1
0.200000 46.675676
1
0.200000 46.832833
1
0.200000 46.989990
1
0.200000 47.147147
1
0.200000 47.304304
1
0.200000 47.461461
1
0.200000 47.618619
1
0.200000 47.775776
1
0.200000 47.932933
1
0.200000 48.090090
1
0.200000 48.247247
1
0.200000 48.404404
1
0.200000 48.561562
1
0.200000 48.718719
1
0.200000 48.875876
1
0.200000 49.033033
1
0.200000 49.190190
1
0.200000 49.347347
1
0.200000 49.504505
1
0.200000 49.661662
1
0.200000 49.818819
1
0.200000 49.975976
1
0.200000 50.133133
1
0.200000 50.290290
1
0.200000 50.447447
1
0.200000 50.604605
1
0.200000 50.761762
1
0.200000 50.918919
1
0.200000 51.076076
1
0.200000 51.233233
1
0.200000 51.390390
1
0.200000 51.547548
1
0.200000 51.704705
1
0.200000 51.861862
1
0.200000 52.019019
1
0.200000 52.176176
1
0.200000 52.333333
1
0.200000 52.490490
1
0.200000 52.647648
1
0.200000 52.804805
1
0.200000 52.961962
1
0.200000 53.119119
1
0.200000 53.276276
1
0.200000 53.433433
1
0.200000 53.590591
1
0.200000 53.747748
1
0.200000 53.904905
1
0.200000 54.062062
1
0.200000 54.219219
1
0.200000 54.376376
1
0.200000 54.533534
1
0.200000 54.690691
1
0.200000 54.847848
1
0.200000 55.005005
1
0.200000 55.162162
1
0.200000 55.319319
1
0.200000 55.476476
1
0.200000 55.633634
1
0.200000 55.790791
1
0.200000 55.947948
1
0.200000 56.105105
1
0.200000 56.262262
1
0.200000 56.419419
1
0.200000 56.576577
1
0.200000 56.733734
1
0.200000 56.890891
1
0.200000 57.048048
1
0.200000 57.205205
1
0.200000 57.362362
1
0.200000 57.519520
1
0.200000 57.676677
1
0.200000 57.833834
1
0.200000 57.990991
1
0.200000 58.148148
1
0.200000 58.305305
1
0.200000 58.462462
1
0.200000 58.619620
1
0.200000 58.776777
1
0.200000 58.933934
1
0.200000 59.091091
1
0.200000 59.248248
1
0.200000 59.405405
1
0.200000 59.562563
1
0.200000 59.719720
1
0.200000 59.876877
1
0.200000 60.034034
1
0.200000 60.191191
1
0.200000 60.348348
1
0.200000 60.505506
1
0.200000 60.662663
1
0.200000 60.819820
1
0.200000 60.976977
1
0.200000 61.134134
1
0.200000 61.291291
1
0.200000 61.448448
1
0.200000 61.605606
1
0.200000 61.762763
1
0.200000 61.919920
1
0.200000 62.077077
1
0.200000 62.234234
1
0.200000 62.391391
1
0.200000 62.548549
1
0.200000 62.705706
1
0.200000 62.862863
1
0.200000 63.020020
1
0.200000 63.177177
1
0.200000 63.334334
1
0.200000 63.491491
1
0.200000 63.648649
1
0.200000 63.805806
1
0.200000 63.962963
1
0.200000 64.120120
1
0.200000 64.277277
1
0.200000 64.434434
1
0.200000 64.591592
1
0.200000 64.748749
1
0.200000 64.905906
1
0.200000 65.063063
1
0.200000 65.220220
1
0.200000 65.377377
1
0.200000 65.534535
1
0.200000 65.691692
1
0.200000 65.848849
1
0.200000 66.006006
1
0.200000 66.163163
1
0.200000 66.320320
1
0.200000 66.477477
1
0.200000 66.634635
1
0.200000 66.791792
1
0.200000 66.948949
1
0.200000 67.106106
1
0.200000 67.263263
1
0.200000 67.420420
1
0.200000 67.577578
1
0.200000 67.734735
1
0.200000 67.891892
1
0.200000 68.049049
1
0.200000 68.206206
1
0.200000 68.363363
1
0.200000 68.520521
1
0.200000 68.677678
1
0.200000 68.834835
1
0.200000 68.991992
1
0.200000 69.149149
1
0.200000 69.306306
1
0.200000 69.463463
1
0.200000 69.620621
1
0.200000 69.777778
1
0.200000 69.934935
1
0.200000 70.092092
1
0.200000 70.249249
1
0.200000 70.406406
1
0.200000 70.563564
1
0.200000 70.720721
1
0.200000 70.877878
1
0.200000 71.035035
1
0.200000 71.192192
1
0.200000 71.349349
1
0.200000 71.506507
1
0.200000 71.663664
1
0.200000 71.820821
1
0.200000 71.977978
1
0.200000 72.135135
1
0.200000 72.292292
1
0.200000 72.449449
1
0.200000 72.606607
1
0.200000 72.763764
1
0.200000 72.920921
1
0.200000 73.078078
1
0.200000 73.235235
1
0.200000 73.392392
1
0.200000 73.549550
1
0.200000 73.706707
1
0.200000 73.863864
1
0.200000 74.021021
1
0.200000 74.178178
1
0.200000 74.335335
1
0.200000 74.492492
1
0.200000 74.649650
1
0.200000 74.806807
1
0.200000 74.963964
1
0.200000 75.121121
1
0.200000 75.278278
1
0.200000 75.435435
1
0.200000 75.592593
1
0.200000 75.749750
1
0.200000 75.906907
1
0.200000 76.064064
1
0.200000 76.221221
1
0.200000 76.378378
1
0.200000 76.535536
1
0.200000 76.692693
1
0.200000 76.849850
1
0.200000 77.007007
1
0.200000 77.164164
1
0.200000 77.321321
1
0.200000 77.478478
1
0.200000 77.635636
1
0.200000 77.792793
1
0.200000 77.949950
1
0.200000 78.107107
1
0.200000 78.264264
1
0.200000 78.421421
1
0.200000 78.578579
1
0.200000 78.735736
1
0.200000 78.892893
1
0.200000 79.050050
1
0.200000 79.207207
1
0.200000 79.364364
1
0.200000 79.521522
1
0.200000 79.678679
1
0.200000 79.835836
1
0.200000 79.992993
1
0.200000 80.150150
1
0.200000 80.307307
1
0.200000 80.464464
1
0.200000 80.621622
1
0.200000 80.778779
1
0.200000 80.935936
1
0.200000 81.093093
1
0.200000 81.250250
1
0.200000 81.407407
1
0.200000 81.564565
1
0.200000 81.721722
1
0.200000 81.878879
1
0.200000 82.036036
1
0.200000 82.193193
1
0.200000 82.350350
1
0.200000 82.507508
1
0.200000 82.664665
1
0.200000 82.821822
1
0.200000 82.978979
1
0.200000 83.136136
1
0.200000 83.293293
1
0.200000 83.450450
1
0.200000 83.607608
1
0.200000 83.764765
1
0.200000 83.921922
1
0.200000 84.079079
1
0.200000 84.236236
1
0.200000 84.393393
1
0.200000 84.550551
1
0.200000 84.707708
1
0.200000 84.864865
1
0.200000 85.022022
1
0.200000 85.179179
1
0.200000 85.336336
1
0.200000 85.493493
1
0.200000 85.650651
1
0.200000 85.807808
1
0.200000 85.964965
1
0.200000 86.122122
1
0.200000 86.279279
1
0.200000 86.436436
1
0.200000 86.593594
1
0.200000 86.750751
1
0.200000 86.907908
1
0.200000 87.065065
1
0.200000 87.222222
1
0.200000 87.379379
1
0.200000 87.536537
1
0.200000 87.693694
1
0.200000 87.850851
1
0.200000 88.008008
1
0.200000 88.165165
1
0.200000 88.322322
1
0.200000 88.479479
1
0.200000 88.636637
1
0.200000 88.793794
1
0.200000 88.950951
1
0.200000 89.108108
1
0.200000 89.265265
1
0.200000 89.422422
1
0.200000 89.579580
1
0.200000 89.736737
1
0.200000 89.893894
1
0.200000 90.051051
1
0.200000 90.208208
1
0.200000 90.365365
1
0.200000 90.522523
1
0.200000 90.679680
1
0.200000 90.836837
1
0.200000 90.993994
1
0.200000 91.151151
1
0.200000 91.308308
1
0.200000 91.465465
1
0.200000 91.622623
1
0.200000 91.779780
1
0.200000 91.936937
1
0.200000 92.094094
1
0.200000 92.251251
1
0.200000 92.408408
1
0.200000 92.565566
1
0.200000 92.722723
1
0.200000 92.879880
1
0.200000 93.037037
1
0.200000 93.194194
1
0.200000 93.351351
1
0.200000 93.508509
1
0.200000 93.665666
1
0.200000 93.822823
1
0.200000 93.979980
1
0.200000 94.137137
1
0.200000 94.294294
1
0.200000 94.451451
1
0.200000 94.608609
1
0.200000 94.765766
1
0.200000 94.922923
1
0.200000 95.080080
1
0.200000 95.237237
1
0.200000 95.394394
1
0.200000 95.551552
1
0.200000 95.708709
1
0.200000 95.865866
1
0.200000 96.023023
1
0.200000 96.180180
1
0.200000 96.337337
1
0.200000 96.494494
1
0.200000 96.651652
1
0.200000 96.808809
1
0.200000 96.965966
1
0.200000 97.123123
1
0.200000 97.280280
1
0.200000 97.437437
1
0.200000 97.594595
1
0.200000 97.751752
1
0.200000 97.908909
1
0.200000 98.066066
1
0.200000 98.223223
1
0.200000 98.380380
1
0.200000 98.537538
1
0.200000 98.694695
1
0.200000 98.851852
1
0.200000 99.009009
1
0.200000 99.166166
1
0.200000 99.323323
1
0.200000 99.480480
1
0.200000 99.637638
1
0.200000 99.794795
1
0.200000 99.951952
1
0.200000 100.109109
1
0.200000 100.266266
1
0.200000 100.423423
1
0.200000 100.580581
1
0.200000 100.737738
1
0.200000 100.894895
1
0.200000 101.052052
1
0.200000 101.209209
1
0.200000 101.366366
1
0.200000 101.523524
1
0.200000 101.680681
1
0.200000 101.837838
1
0.200000 101.994995
1
0.200000 102.152152
1
0.200000 102.309309
1
0.200000 102.466466
1
0.200000 102.623624
1
0.200000 102.780781
1
0.200000 102.937938
1
0.200000 103.095095
1
0.200000 103.252252
1
0.200000 103.409409
1
0.200000 103.566567
1
0.200000 103.723724
1
0.200000 103.880881
1
0.200000 104.038038
1
0.200000 104.195195
1
0.200000 104.352352
1
0.200000 104.509510
1
0.200000 104.666667
1
0.200000 104.823824
1
0.200000 104.980981
1
0.200000 105.138138
1
0.200000 105.295295
1
0.200000 105.452452
1
0.200000 105.609610
1
0.200000 105.766767
1
0.200000 105.923924
1
0.200000 106.081081
1
0.200000 106.238238
1
0.200000 106.395395
1
0.200000 106.552553
1
0.200000 106.709710
1
0.200000 106.866867
1
0.200000 107.024024
1
0.200000 107.181181
1
0.200000 107.338338
1
0.200000 107.495495
1
0.200000 107.652653
1
0.200000 107.809810
1
0.200000 107.966967
1
0.200000 108.124124
1
0.200000 108.281281
1
0.200000 108.438438
1
0.200000 108.595596
1
0.200000 108.752753
1
0.200000 108.909910
1
0.200000 109.067067
1
0.200000 109.224224
1
0.200000 109.381381
1
0.200000 109.538539
1
0.200000 109.695696
1
0.200000 109.852853
1
0.200000 110.010010
1
0.200000 110.167167
1
0.200000 110.324324
1
0.200000 110.481481
1
0.200000 110.638639
1
0.200000 110.795796
1
0.200000 110.952953
1
0.200000 111.110110
1
0.200000 111.267267
1
0.200000 111.424424
1
0.200000 111.581582
1
0.200000 111.738739
1
0.200000 111.895896
1
0.200000 112.053053
1
0.200000 112.210210
1
0.200000 112.367367
1
0.200000 112.524525
1
0.200000 112.681682
1
0.200000 112.838839
1
0.200000 112.995996
1
0.200000 113.153153
1
0.200000 113.310310
1
0.200000 113.467467
1
0.200000 113.624625
1
0.200000 113.781782
1
0.200000 113.938939
1
0.200000 114.096096
1
0.200000 114.253253
1
0.200000 114.410410
1
0.200000 114.567568
1
0.200000 114.724725
1
0.200000 114.881882
1
0.200000 115.039039
1
0.200000 115.196196
1
0.200000 115.353353
1
0.200000 115.510511
1
0.200000 115.667668
1
0.200000 115.824825
1
0.200000 115.981982
1
0.200000 116.139139
1
0.200000 116.296296
1
0.200000 116.453453
1
0.200000 116.610611
1
0.200000 116.767768
1
0.200000 116.924925
1
0.200000 117.082082
1
0.200000 117.239239
1
0.200000 117.396396
1
0.200000 117.553554
1
0.200000 117.710711
1
0.200000 117.867868
1
0.200000 118.025025
1
0.200000 118.182182
1
0.200000 118.339339
1
0.200000 118.496496
1
0.200000 118.653654
1
0.200000 118.810811
1
0.200000 118.967968
1
0.200000 119.125125
1
0.200000 119.282282
1
0.200000 119.439439
1
0.200000 119.596597
1
0.200000 119.753754
1
0.200000 119.910911
1
0.200000 120.068068
1
0.200000 120.225225
1
0.200000 120.382382
1
0.200000 120.539540
1
0.200000 120.696697
1
0.200000 120.853854
1
0.200000 121.011011
1
0.200000 121.168168
1
0.200000 121.325325
1
0.200000 121.482482
1
0.200000 121.639640
1
0.200000 121.796797
1
0.200000 121.953954
1
0.200000 122.111111
1
0.200000 122.268268
1
0.200000 122.425425
1
0.200000 122.582583
1
0.200000 122.739740
1
0.200000 122.896897
1
0.200000 123.054054
1
0.200000 123.211211
1
0.200000 123.368368
1
0.200000 123.525526
1
0.200000 123.682683
1
0.200000 123.839840
1
0.200000 123.996997
1
0.200000 124.154154
1
0.200000 124.311311
1
0.200000 124.468468
1
0.200000 124.625626
1
0.200000 124.782783
1
0.200000 124.939940
1
0.200000 125.097097
1
0.200000 125.254254
1
0.200000 125.411411
1
0.200000 125.568569
1
0.200000 125.725726
1
0.200000 125.882883
1
0.200000 126.040040
1
0.200000 126.197197
1
0.200000 126.354354
1
0.200000 126.511512
1
0.200000 126.668669
1
0.200000 126.825826
1
0.200000 126.982983
1
0.200000 127.140140
1
0.200000 127.297297
1
0.200000 127.454454
1
0.200000 127.611612
1
0.200000 127.768769
1
0.200000 127.925926
1
0.200000 128.083083
1
0.200000 128.240240
1
0.200000 128.397397
1
0.200000 128.554555
1
0.200000 128.711712
1
0.200000 128.868869
1
0.200000 129.026026
1
0.200000 129.183183
1
0.200000 129.340340
1
0.200000 129.497497
1
0.200000 129.654655
1
0.200000 129.811812
1
0.200000 129.968969
1
0.200000 130.126126
1
0.200000 130.283283
1
0.200000 130.440440
1
0.200000 130.597598
1
0.200000 130.754755
1
0.200000 130.911912
1
0.200000 131.069069
1
0.200000 131.226226
1
0.200000 131.383383
1
0.200000 131.540541
1
0.200000 131.697698
1
0.200000 131.854855
1
0.200000 132.012012
1
0.200000 132.169169
1
0.200000 132.326326
1
0.200000 132.483483
1
0.200000 132.640641
1
0.200000 132.797798
1
0.200000 132.954955
1
0.200000 133.112112
1
0.200000 133.269269
1
0.200000 133.426426
1
0.200000 133.583584
1
0.200000 133.740741
1
0.200000 133.897898
1
0.200000 134.055055
1
0.200000 134.212212
1
0.200000 134.369369
1
0.200000 134.526527
1
0.200000 134.683684
1
0.200000 134.840841
1
0.200000 134.997998
1
0.200000 135.155155
1
0.200000 135.312312
1
0.200000 135.469469
1
0.200000 135.626627
1
0.200000 135.783784
1
0.200000 135.940941
1
0.200000 136.098098
1
0.200000 136.255255
1
0.200000 136.412412
1
0.200000 136.569570
1
0.200000 136.726727
1
0.200000 136.883884
1
0.200000 137.041041
1
0.200000 137.198198
1
0.200000 137.355355
1
0.200000 137.512513
1
0.200000 137.669670
1
0.200000 137.826827
1
0.200000 137.983984
1
0.200000 138.141141
1
0.200000 138.298298
1
0.200000 138.455455
1
0.200000 138.612613
1
0.200000 138.769770
1
0.200000 138.926927
1
0.200000 139.084084
1
0.200000 139.241241
1
0.200000 139.398398
1
0.200000 139.555556
1
0.200000 139.712713
1
0.200000 139.869870
1
0.200000 140.027027
1
0.200000 140.184184
1
0.200000 140.341341
1
0.200000 140.498498
1
0.200000 140.655656
1
0.200000 140.812813
1
0.200000 140.969970
1
0.200000 141.127127
1
0.200000 141.284284
1
0.200000 141.441441
1
0.200000 141.598599
1
0.200000 141.755756
1
0.200000 141.912913
1
0.200000 142.070070
1
0.200000 142.227227
1
0.200000 142.384384
1
0.200000 142.541542
1
0.200000 142.698699
1
0.200000 142.855856
1
0.200000 143.013013
1
0.200000 143.170170
1
0.200000 143.327327
1
0.200000 143.484484
1
0.200000 143.641642
1
0.200000 143.798799
1
0.200000 143.955956
1
0.200000 144.113113
1
0.200000 144.270270
1
0.200000 144.427427
1
0.200000 144.584585
1
0.200000 144.741742
1
0.200000 144.898899
1
0.200000 145.056056
1
0.200000 145.213213
1
0.200000 145.370370
1
0.200000 145.527528
1
0.200000 145.684685
1
0.200000 145.841842
1
0.200000 145.998999
1
0.200000 146.156156
1
0.200000 146.313313
1
0.200000 146.470470
1
0.200000 146.627628
1
0.200000 146.784785
1
0.200000 146.941942
1
0.200000 147.099099
1
0.200000 147.256256
1
0.200000 147.413413
1
0.200000 147.570571
1
0.200000 147.727728
1
0.200000 147.884885
1
0.200000 148.042042
1
0.200000 148.199199
1
0.200000 148.356356
1
0.200000 148.513514
1
0.200000 148.670671
1
0.200000 148.827828
1
0.200000 148.984985
1
0.200000 149.142142
1
0.200000 149.299299
1
0.200000 149.456456
1
0.200000 149.613614
1
0.200000 149.770771
1
0.200000 149.927928
1
0.200000 150.085085
1
0.200000 150.242242
1
0.200000 150.399399
1
0.200000 150.556557
1
0.200000 150.713714
1
0.200000 150.870871
1
0.200000 151.028028
1
0.200000 151.185185
1
0.200000 151.342342
1
0.200000 151.499499
1
0.200000 151.656657
1
0.200000 151.813814
1
0.200000 151.970971
1
0.200000 152.128128
1
0.200000 152.285285
1
0.200000 152.442442
1
0.200000 152.599600
1
0.200000 152.756757
1
0.200000 152.913914
1
0.200000 153.071071
1
0.200000 153.228228
1
0.200000 153.385385
1
0.200000 153.542543
1
0.200000 153.699700
1
0.200000 153.856857
1
0.200000 154.014014
1
0.200000 154.171171
1
0.200000 154.328328
1
0.200000 154.485485
1
0.200000 154.642643
1
0.200000 154.799800
1
0.200000 154.956957
1
0.200000 155.114114
1
0.200000 155.271271
1
0.200000 155.428428
1
0.200000 155.585586
1
0.200000 155.742743
1
0.200000 155.899900
1
0.200000 156.057057
1
0.200000 156.214214
1
0.200000 156.371371
1
0.200000 156.528529
1
0.200000 156.685686
1
0.200000 156.842843
1
0.200000 157.000000
0
