   0.5000000      0.0000000E+00   1.154602      0.0000000E+00
   0.5000000      0.1571570      0.7836227     -0.2354144    
   0.5000000      0.3143140      0.6281137     -0.1771443    
   0.5000000      0.4714710      0.5481608     -0.1095797    
   0.5000000      0.6286290      0.4964495     -4.9469624E-02
   0.5000000      0.7857860      0.4568049      2.6280463E-03
   0.5000000      0.9429430      0.4225034      4.7628522E-02
   0.5000000       1.100100      0.3903526      8.6315326E-02
   0.5000000       1.257257      0.3587043      0.1192475    
   0.5000000       1.414414      0.3266826      0.1468557    
   0.5000000       1.571572      0.2938634      0.1695257    
   0.5000000       1.728729      0.2601372      0.1876376    
   0.5000000       1.885886      0.2256391      0.2015642    
   0.5000000       2.043043      0.1906903      0.2116435    
   0.5000000       2.200200      0.1557321      0.2181589    
   0.5000000       2.357357      0.1212592      0.2213334    
   0.5000000       2.514515      8.7763794E-02  0.2213488    
   0.5000000       2.671672      5.5702344E-02  0.2183701    
   0.5000000       2.828829      2.5478842E-02  0.2125704    
   0.5000000       2.985986     -2.5594942E-03  0.2041471    
   0.5000000       3.143143     -2.8120743E-02  0.1933276    
   0.5000000       3.300300     -5.0967287E-02  0.1803694    
   0.5000000       3.457457     -7.0915550E-02  0.1655556    
   0.5000000       3.614615     -8.7837882E-02  0.1491886    
   0.5000000       3.771772     -0.1016643      0.1315855    
   0.5000000       3.928929     -0.1123848      0.1130737    
   0.5000000       4.086086     -0.1200478      9.3988985E-02
   0.5000000       4.243243     -0.1247557      7.4672438E-02
   0.5000000       4.400400     -0.1266581      5.5467170E-02
   0.5000000       4.557558     -0.1259434      3.6711242E-02
   0.5000000       4.714715     -0.1228295      1.8730296E-02
   0.5000000       4.871872     -0.1175578      1.8272572E-03
   0.5000000       5.029029     -0.1103877     -1.3725725E-02
   0.5000000       5.186186     -0.1015921     -2.7694901E-02
   0.5000000       5.343343     -9.1454647E-02 -3.9889168E-02
   0.5000000       5.500501     -8.0265693E-02 -5.0163839E-02
   0.5000000       5.657658     -6.8318434E-02 -5.8421049E-02
   0.5000000       5.814815     -5.5904366E-02 -6.4610124E-02
   0.5000000       5.971972     -4.3308120E-02 -6.8726897E-02
   0.5000000       6.129129     -3.0803218E-02 -7.0811205E-02
   0.5000000       6.286286     -1.8647237E-02 -7.0945039E-02
   0.5000000       6.443443     -7.0784851E-03 -6.9248945E-02
   0.5000000       6.600601      3.6879755E-03 -6.5878235E-02
   0.5000000       6.757758      1.3462279E-02 -6.1017781E-02
   0.5000000       6.914915      2.2083223E-02 -5.4876193E-02
   0.5000000       7.072072      2.9419519E-02 -4.7680259E-02
   0.5000000       7.229229      3.5372589E-02 -3.9668433E-02
   0.5000000       7.386386      3.9876755E-02 -3.1085150E-02
   0.5000000       7.543544      4.2900905E-02 -2.2175096E-02
   0.5000000       7.700701      4.4447869E-02 -1.3178071E-02
   0.5000000       7.857858      4.4553414E-02 -4.3243174E-03
   0.5000000       8.015015      4.3284908E-02  4.1700117E-03
   0.5000000       8.172172      4.0738139E-02  1.2106727E-02
   0.5000000       8.329329      3.7034657E-02  1.9309014E-02
   0.5000000       8.486486      3.2317914E-02  2.5624782E-02
   0.5000000       8.643644      2.6749210E-02  3.0928908E-02
   0.5000000       8.800801      2.0503875E-02  3.5125088E-02
   0.5000000       8.957958      1.3766435E-02  3.8147409E-02
   0.5000000       9.115115      6.7267143E-03  3.9960444E-02
   0.5000000       9.272272     -4.2479107E-04  4.0558923E-02
   0.5000000       9.429429     -7.5009577E-03  3.9967012E-02
   0.5000000       9.586587     -1.4322401E-02  3.8236607E-02
   0.5000000       9.743744     -2.0720910E-02  3.5444990E-02
   0.5000000       9.900901     -2.6543703E-02  3.1692445E-02
   0.5000000       10.05806     -3.1655718E-02  2.7098835E-02
   0.5000000       10.21521     -3.5942771E-02  2.1800734E-02
   0.5000000       10.37237     -3.9313566E-02  1.5947178E-02
   0.5000000       10.52953     -4.1700918E-02  9.6961716E-03
   0.5000000       10.68669     -4.3062910E-02  3.2105464E-03
   0.5000000       10.84384     -4.3383226E-02 -3.3459137E-03
   0.5000000       11.00100     -4.2670880E-02 -9.8124668E-03
   0.5000000       11.15816     -4.0959638E-02 -1.6035082E-02
   0.5000000       11.31532     -3.8306706E-02 -2.1869661E-02
   0.5000000       11.47247     -3.4790676E-02 -2.7184987E-02
   0.5000000       11.62963     -3.0509597E-02 -3.1865675E-02
   0.5000000       11.78679     -2.5578089E-02 -3.5813760E-02
   0.5000000       11.94394     -2.0124095E-02 -3.8950730E-02
   0.5000000       12.10110     -1.4285466E-02 -4.1218482E-02
   0.5000000       12.25826     -8.2063684E-03 -4.2580623E-02
   0.5000000       12.41541     -2.0338625E-03 -4.3022253E-02
   0.5000000       12.57257      4.0861885E-03 -4.2549830E-02
   0.5000000       12.72973      1.0012203E-02 -4.1191187E-02
   0.5000000       12.88689      1.5610592E-02 -3.8993608E-02
   0.5000000       13.04404      2.0758316E-02 -3.6023051E-02
   0.5000000       13.20120      2.5346203E-02 -3.2361776E-02
   0.5000000       13.35836      2.9280629E-02 -2.8106423E-02
   0.5000000       13.51552      3.2486003E-02 -2.3365516E-02
   0.5000000       13.67267      3.4905545E-02 -1.8256709E-02
   0.5000000       13.82983      3.6502652E-02 -1.2903969E-02
   0.5000000       13.98699      3.7261117E-02 -7.4345381E-03
   0.5000000       14.14414      3.7184753E-02 -1.9761592E-03
   0.5000000       14.30130      3.6296949E-02  3.3461419E-03
   0.5000000       14.45846      3.4639705E-02  8.4129591E-03
   0.5000000       14.61562      3.2271836E-02  1.3113195E-02
   0.5000000       14.77277      2.9267529E-02  1.7346656E-02
   0.5000000       14.92993      2.5714101E-02  2.1026034E-02
   0.5000000       15.08709      2.1709492E-02  2.4079051E-02
   0.5000000       15.24424      1.7360134E-02  2.6449958E-02
   0.5000000       15.40140      1.2777883E-02  2.8100185E-02
   0.5000000       15.55856      8.0775432E-03  2.9009532E-02
   0.5000000       15.71572      3.3740988E-03  2.9175689E-02
   0.5000000       15.87287     -1.2201407E-03  2.8614359E-02
   0.5000000       16.03003     -5.5978256E-03  2.7358621E-02
   0.5000000       16.18719     -9.6594356E-03  2.5457436E-02
   0.5000000       16.34434     -1.3314775E-02  2.2974417E-02
   0.5000000       16.50150     -1.6485579E-02  1.9985925E-02
   0.5000000       16.65866     -1.9106690E-02  1.6578980E-02
   0.5000000       16.81582     -2.1127433E-02  1.2848919E-02
   0.5000000       16.97297     -2.2512587E-02  8.8970298E-03
   0.5000000       17.13013     -2.3243269E-02  4.8276838E-03
   0.5000000       17.28729     -2.3316246E-02  7.4618869E-04
   0.5000000       17.44444     -2.2744730E-02 -3.2441446E-03
   0.5000000       17.60160     -2.1556992E-02 -7.0443493E-03
   0.5000000       17.75876     -1.9796057E-02 -1.0561898E-02
   0.5000000       17.91592     -1.7517827E-02 -1.3713194E-02
   0.5000000       18.07307     -1.4790073E-02 -1.6425114E-02
   0.5000000       18.23023     -1.1689968E-02 -1.8636754E-02
   0.5000000       18.38739     -8.3028041E-03 -2.0300627E-02
   0.5000000       18.54454     -4.7192336E-03 -2.1383699E-02
   0.5000000       18.70170     -1.0333426E-03 -2.1867726E-02
   0.5000000       18.85886      2.6598733E-03 -2.1749388E-02
   0.5000000       19.01602      6.2667159E-03 -2.1040689E-02
   0.5000000       19.17317      9.6971057E-03 -1.9767640E-02
   0.5000000       19.33033      1.2866426E-02 -1.7969703E-02
   0.5000000       19.48749      1.5697869E-02 -1.5698997E-02
   0.5000000       19.64465      1.8123997E-02 -1.3018151E-02
   0.5000000       19.80180      2.0088114E-02 -9.9988682E-03
   0.5000000       19.95896      2.1545870E-02 -6.7203972E-03
   0.5000000       20.11612      2.2465505E-02 -3.2669166E-03
   0.5000000       20.27327      2.2829186E-02  2.7416897E-04
   0.5000000       20.43043      2.2632880E-02  3.8147438E-03
   0.5000000       20.58759      2.1886019E-02  7.2676782E-03
   0.5000000       20.74475      2.0611655E-02  1.0549464E-02
   0.5000000       20.90190      1.8845389E-02  1.3581636E-02
   0.5000000       21.05906      1.6634321E-02  1.6292945E-02
   0.5000000       21.21622      1.4036003E-02  1.8620992E-02
   0.5000000       21.37337      1.1116569E-02  2.0513229E-02
   0.5000000       21.53053      7.9493690E-03  2.1928523E-02
   0.5000000       21.68769      4.6127364E-03  2.2837617E-02
   0.5000000       21.84484      1.1884279E-03  2.3223994E-02
   0.5000000       22.00200     -2.2410394E-03  2.3083627E-02
   0.5000000       22.15916     -5.5935276E-03  2.2425495E-02
   0.5000000       22.31632     -8.7902881E-03  2.1270743E-02
   0.5000000       22.47347     -1.1756827E-02  1.9652205E-02
   0.5000000       22.63063     -1.4425460E-02  1.7613355E-02
   0.5000000       22.78779     -1.6736692E-02  1.5207269E-02
   0.5000000       22.94494     -1.8640101E-02  1.2495171E-02
   0.5000000       23.10210     -2.0096019E-02  9.5447125E-03
   0.5000000       23.25926     -2.1075966E-02  6.4286371E-03
   0.5000000       23.41642     -2.1563467E-02  3.2226315E-03
   0.5000000       23.57357     -2.1554099E-02  3.5464705E-06
   0.5000000       23.73073     -2.1055551E-02 -3.1522410E-03
   0.5000000       23.88789     -2.0087061E-02 -6.1711394E-03
   0.5000000       24.04505     -1.8678918E-02 -8.9834630E-03
   0.5000000       24.20220     -1.6871832E-02 -1.1525529E-02
   0.5000000       24.35936     -1.4715314E-02 -1.3740995E-02
   0.5000000       24.51652     -1.2266672E-02 -1.5582236E-02
   0.5000000       24.67367     -9.5894746E-03 -1.7011028E-02
   0.5000000       24.83083     -6.7519899E-03 -1.7999826E-02
   0.5000000       24.98799     -3.8250627E-03 -1.8532030E-02
   0.5000000       25.14515     -8.8094879E-04 -1.8602524E-02
   0.5000000       25.30230      2.0085678E-03 -1.8216971E-02
   0.5000000       25.45946      4.7743949E-03 -1.7392604E-02
   0.5000000       25.61662      7.3512397E-03 -1.6156841E-02
   0.5000000       25.77377      9.6792746E-03 -1.4546749E-02
   0.5000000       25.93093      1.1705636E-02 -1.2608087E-02
   0.5000000       26.08809      1.3385390E-02 -1.0394036E-02
   0.5000000       26.24524      1.4682866E-02 -7.9639349E-03
   0.5000000       26.40240      1.5571984E-02 -5.3813118E-03
   0.5000000       26.55956      1.6037120E-02 -2.7130975E-03
   0.5000000       26.71672      1.6073186E-02 -2.6732430E-05
   0.5000000       26.87387      1.5685709E-02  2.6100369E-03
   0.5000000       27.03103      1.4890445E-02  5.1320004E-03
   0.5000000       27.18819      1.3712804E-02  7.4773813E-03
   0.5000000       27.34534      1.2187799E-02  9.5896674E-03
   0.5000000       27.50250      1.0357888E-02  1.1418721E-02
   0.5000000       27.65966      8.2728295E-03  1.2921887E-02
   0.5000000       27.81682      5.9883217E-03  1.4065279E-02
   0.5000000       27.97397      3.5638912E-03  1.4824105E-02
   0.5000000       28.13113      1.0621322E-03  1.5183470E-02
   0.5000000       28.28829     -1.4533106E-03  1.5138390E-02
   0.5000000       28.44544     -3.9190776E-03  1.4693984E-02
   0.5000000       28.60260     -6.2736217E-03  1.3865368E-02
   0.5000000       28.75976     -8.4588453E-03  1.2676649E-02
   0.5000000       28.91692     -1.0421377E-02  1.1160715E-02
   0.5000000       29.07407     -1.2113897E-02  9.3582673E-03
   0.5000000       29.23123     -1.3496109E-02  7.3165246E-03
   0.5000000       29.38839     -1.4535869E-02  5.0883456E-03
   0.5000000       29.54555     -1.5209632E-02  2.7303051E-03
   0.5000000       29.70270     -1.5503031E-02  3.0202363E-04
   0.5000000       29.85986     -1.5411267E-02 -2.1359662E-03
   0.5000000       30.01702     -1.4939231E-02 -4.5233471E-03
   0.5000000       30.17417     -1.4100601E-02 -6.8016928E-03
   0.5000000       30.33133     -1.2918484E-02 -8.9157652E-03
   0.5000000       30.48849     -1.1423812E-02 -1.0814711E-02
   0.5000000       30.64565     -9.6550137E-03 -1.2453518E-02
   0.5000000       30.80280     -7.6572183E-03 -1.3794166E-02
   0.5000000       30.95996     -5.4802620E-03 -1.4805597E-02
   0.5000000       31.11712     -3.1783013E-03 -1.5465817E-02
   0.5000000       31.27427     -8.0782193E-04 -1.5761228E-02
   0.5000000       31.43143      1.5731633E-03 -1.5686955E-02
   0.5000000       31.58859      3.9070765E-03 -1.5247860E-02
   0.5000000       31.74575      6.1380262E-03 -1.4456919E-02
   0.5000000       31.90290      8.2131121E-03 -1.3336062E-02
   0.5000000       32.06006      1.0083392E-02 -1.1914712E-02
   0.5000000       32.21722      1.1705811E-02 -1.0229417E-02
   0.5000000       32.37437      1.3043378E-02 -8.3229477E-03
   0.5000000       32.53153      1.4066734E-02 -6.2428592E-03
   0.5000000       32.68869      1.4753891E-02 -4.0405421E-03
   0.5000000       32.84584      1.5091708E-02 -1.7700918E-03
   0.5000000       33.00300      1.5075524E-02  5.1366049E-04
   0.5000000       33.16016      1.4709131E-02  2.7557635E-03
   0.5000000       33.31732      1.4005267E-02  4.9027819E-03
   0.5000000       33.47448      1.2984157E-02  6.9040474E-03
   0.5000000       33.63163      1.1673850E-02  8.7131280E-03
   0.5000000       33.78879      1.0109534E-02  1.0288649E-02
   0.5000000       33.94595      8.3314320E-03  1.1594938E-02
   0.5000000       34.10310      6.3851248E-03  1.2603858E-02
   0.5000000       34.26026      4.3197973E-03  1.3294281E-02
   0.5000000       34.41742      2.1869459E-03  1.3653033E-02
   0.5000000       34.57457      3.8967508E-05  1.3675490E-02
   0.5000000       34.73173     -2.0716568E-03  1.3365082E-02
   0.5000000       34.88889     -4.0937797E-03  1.2733154E-02
   0.5000000       35.04605     -5.9789419E-03  1.1799165E-02
   0.5000000       35.20320     -7.6828068E-03  1.0589639E-02
   0.5000000       35.36036     -9.1658710E-03  9.1370996E-03
   0.5000000       35.51752     -1.0393973E-02  7.4806358E-03
   0.5000000       35.67467     -1.1340125E-02  5.6631854E-03
   0.5000000       35.83183     -1.1983981E-02  3.7316999E-03
   0.5000000       35.98899     -1.2313322E-02  1.7350136E-03
   0.5000000       36.14614     -1.2323292E-02 -2.7636086E-04
   0.5000000       36.30330     -1.2017150E-02 -2.2525243E-03
   0.5000000       36.46046     -1.1405974E-02 -4.1445368E-03
   0.5000000       36.61762     -1.0508132E-02 -5.9062727E-03
   0.5000000       36.77478     -9.3486896E-03 -7.4949046E-03
   0.5000000       36.93193     -7.9592904E-03 -8.8725118E-03
   0.5000000       37.08909     -6.3768444E-03 -1.0006769E-02
   0.5000000       37.24625     -4.6422784E-03 -1.0871355E-02
   0.5000000       37.40340     -2.8005992E-03 -1.1447203E-02
   0.5000000       37.56056     -8.9865964E-04 -1.1722079E-02
   0.5000000       37.71772      1.0156521E-03 -1.1691693E-02
   0.5000000       37.87487      2.8942297E-03 -1.1359147E-02
   0.5000000       38.03203      4.6905144E-03 -1.0734771E-02
   0.5000000       38.18919      6.3601742E-03 -9.8366197E-03
   0.5000000       38.34635      7.8624375E-03 -8.6886259E-03
   0.5000000       38.50351      9.1608809E-03 -7.3211323E-03
   0.5000000       38.66066      1.0224552E-02 -5.7698712E-03
   0.5000000       38.81782      1.1028215E-02 -4.0740008E-03
   0.5000000       38.97498      1.1553500E-02 -2.2769417E-03
   0.5000000       39.13213      1.1788974E-02 -4.2373285E-04
   0.5000000       39.28929      1.1730282E-02  1.4395122E-03
   0.5000000       39.44645      1.1380374E-02  3.2665425E-03
   0.5000000       39.60360      1.0749517E-02  5.0126566E-03
   0.5000000       39.76076      9.8545412E-03  6.6349688E-03
   0.5000000       39.91792      8.7187970E-03  8.0942865E-03
   0.5000000       40.07507      7.3715779E-03  9.3559036E-03
   0.5000000       40.23223      5.8468962E-03  1.0389498E-02
   0.5000000       40.38939      4.1826558E-03  1.1171116E-02
   0.5000000       40.54655      2.4209409E-03  1.1683280E-02
   0.5000000       40.70370      6.0453941E-04  1.1914447E-02
   0.5000000       40.86086     -1.2214964E-03  1.1860749E-02
   0.5000000       41.01802     -3.0127657E-03  1.1525221E-02
   0.5000000       41.17517     -4.7261002E-03  1.0917418E-02
   0.5000000       41.33233     -6.3201487E-03  1.0053891E-02
   0.5000000       41.48949     -7.7570174E-03  8.9569762E-03
   0.5000000       41.64665     -9.0030292E-03  7.6546283E-03
   0.5000000       41.80380     -1.0029001E-02  6.1801183E-03
   0.5000000       41.96096     -1.0811451E-02  4.5698364E-03
   0.5000000       42.11812     -1.1333396E-02  2.8638560E-03
   0.5000000       42.27528     -1.1583965E-02  1.1041363E-03
   0.5000000       42.43243     -1.1559001E-02 -6.6638115E-04
   0.5000000       42.58959     -1.1261184E-02 -2.4048167E-03
   0.5000000       42.74675     -1.0699959E-02 -4.0693167E-03
   0.5000000       42.90390     -9.8907547E-03 -5.6202612E-03
   0.5000000       43.06106     -8.8557089E-03 -7.0209536E-03
   0.5000000       43.21822     -7.6212743E-03 -8.2384907E-03
   0.5000000       43.37537     -6.2194061E-03 -9.2450762E-03
   0.5000000       43.53253     -4.6853893E-03 -1.0018102E-02
   0.5000000       43.68969     -3.0578841E-03 -1.0540656E-02
   0.5000000       43.84685     -1.3771477E-03 -1.0802234E-02
   0.5000000       44.00401      3.1513459E-04 -1.0798774E-02
   0.5000000       44.16116      1.9776588E-03 -1.0532897E-02
   0.5000000       44.31832      3.5701094E-03 -1.0013245E-02
   0.5000000       44.47548      5.0542098E-03 -9.2550246E-03
   0.5000000       44.63263      6.3945162E-03 -8.2787527E-03
   0.5000000       44.78979      7.5591770E-03 -7.1106311E-03
   0.5000000       44.94695      8.5215308E-03 -5.7807267E-03
   0.5000000       45.10410      9.2594856E-03 -4.3235165E-03
   0.5000000       45.26126      9.7569423E-03 -2.7760756E-03
   0.5000000       45.41842      1.0003795E-02 -1.1770453E-03
   0.5000000       45.57558      9.9959923E-03  4.3314783E-04
   0.5000000       45.73273      9.7357994E-03  2.0148726E-03
   0.5000000       45.88989      9.2319576E-03  3.5291142E-03
   0.5000000       46.04705      8.4986780E-03  4.9387617E-03
   0.5000000       46.20420      7.5561670E-03  6.2099351E-03
   0.5000000       46.36136      6.4296541E-03  7.3118256E-03
   0.5000000       46.51852      5.1478283E-03  8.2180984E-03
   0.5000000       46.67567      3.7445209E-03  8.9082932E-03
   0.5000000       46.83283      2.2551671E-03  9.3660867E-03
   0.5000000       46.98999      7.1712659E-04  9.5821349E-03
   0.5000000       47.14715     -8.3069963E-04  9.5523605E-03
   0.5000000       47.30430     -2.3499257E-03  9.2794178E-03
   0.5000000       47.46146     -3.8025079E-03  8.7711522E-03
   0.5000000       47.61862     -5.1532742E-03  8.0418931E-03
   0.5000000       47.77578     -6.3688993E-03  7.1109571E-03
   0.5000000       47.93293     -7.4199773E-03  6.0026953E-03
   0.5000000       48.09009     -8.2813604E-03  4.7452473E-03
   0.5000000       48.24725     -8.9324787E-03  3.3711437E-03
   0.5000000       48.40440     -9.3583493E-03  1.9144719E-03
   0.5000000       48.56156     -9.5493905E-03  4.1209470E-04
   0.5000000       48.71872     -9.5021538E-03 -1.0986786E-03
   0.5000000       48.87588     -9.2188008E-03 -2.5804189E-03
   0.5000000       49.03303     -8.7074572E-03 -3.9965510E-03
   0.5000000       49.19019     -7.9816105E-03 -5.3129834E-03
   0.5000000       49.34735     -7.0603532E-03 -6.4972509E-03
   0.5000000       49.50451     -5.9670270E-03 -7.5208424E-03
   0.5000000       49.66166     -4.7291317E-03 -8.3592385E-03
   0.5000000       49.81882     -3.3778609E-03 -8.9929737E-03
   0.5000000       49.97598     -1.9469911E-03 -9.4072102E-03
   0.5000000       50.13313     -4.7179824E-04 -9.5928889E-03
   0.5000000       50.29029      1.0114831E-03 -9.5463693E-03
   0.5000000       50.44745      2.4666192E-03 -9.2701120E-03
   0.5000000       50.60461      3.8580643E-03 -8.7718535E-03
   0.5000000       50.76176      5.1517985E-03 -8.0646705E-03
   0.5000000       50.91892      6.3175322E-03 -7.1671959E-03
   0.5000000       51.07608      7.3269685E-03 -6.1019766E-03
   0.5000000       51.23323      8.1563704E-03 -4.8958305E-03
   0.5000000       51.39039      8.7866746E-03 -3.5793206E-03
   0.5000000       51.54755      9.2035970E-03 -2.1843130E-03
   0.5000000       51.70470      9.3981791E-03 -7.4579415E-04
   0.5000000       51.86186      9.3669621E-03  7.0101826E-04
   0.5000000       52.01902      9.1120834E-03  2.1210508E-03
   0.5000000       52.17617      8.6411750E-03  3.4798414E-03
   0.5000000       52.33333      7.9668779E-03  4.7447202E-03
   0.5000000       52.49049      7.1070907E-03  5.8857766E-03
   0.5000000       52.64765      6.0839774E-03  6.8752430E-03
   0.5000000       52.80481      4.9234605E-03  7.6909498E-03
   0.5000000       52.96196      3.6546164E-03  8.3137304E-03
   0.5000000       53.11912      2.3097156E-03  8.7294811E-03
   0.5000000       53.27628      9.2157314E-04  8.9298105E-03
   0.5000000       53.43343     -4.7524011E-04  8.9115808E-03
   0.5000000       53.59059     -1.8467529E-03  8.6761229E-03
   0.5000000       53.74775     -3.1593833E-03  8.2312208E-03
   0.5000000       53.90490     -4.3815495E-03  7.5891190E-03
   0.5000000       54.06206     -5.4836534E-03  6.7669451E-03
   0.5000000       54.21922     -6.4397370E-03  5.7863328E-03
   0.5000000       54.37638     -7.2270972E-03  4.6724244E-03
   0.5000000       54.53354     -7.8280941E-03  3.4536473E-03
   0.5000000       54.69069     -8.2285926E-03  2.1606700E-03
   0.5000000       54.84785     -8.4203519E-03  8.2588318E-04
   0.5000000       55.00500     -8.4003834E-03 -5.1755941E-04
   0.5000000       55.16216     -8.1701996E-03 -1.8360373E-03
   0.5000000       55.31932     -7.7371388E-03 -3.0978182E-03
   0.5000000       55.47647     -7.1131773E-03 -4.2713666E-03
   0.5000000       55.63363     -6.3150716E-03 -5.3285644E-03
   0.5000000       55.79079     -5.3637270E-03 -6.2435996E-03
   0.5000000       55.94795     -4.2834687E-03 -6.9953436E-03
   0.5000000       56.10511     -3.1020483E-03 -7.5654155E-03
   0.5000000       56.26226     -1.8492606E-03 -7.9412004E-03
   0.5000000       56.41942     -5.5637024E-04 -8.1143258E-03
   0.5000000       56.57658      7.4377767E-04 -8.0816895E-03
   0.5000000       56.73373      2.0193772E-03 -7.8452993E-03
   0.5000000       56.89089      3.2385869E-03 -7.4117668E-03
   0.5000000       57.04805      4.3717548E-03 -6.7930790E-03
   0.5000000       57.20520      5.3909780E-03 -6.0054120E-03
   0.5000000       57.36236      6.2714433E-03 -5.0692097E-03
   0.5000000       57.51952      6.9925101E-03 -4.0082387E-03
   0.5000000       57.67668      7.5364043E-03 -2.8495810E-03
   0.5000000       57.83384      7.8906538E-03 -1.6221798E-03
   0.5000000       57.99099      8.0474513E-03 -3.5666398E-04
   0.5000000       58.14815      8.0037741E-03  9.1552624E-04
   0.5000000       58.30531      7.7612004E-03  2.1626966E-03
   0.5000000       58.46246      7.3269671E-03  3.3544819E-03
   0.5000000       58.61962      6.7119091E-03  4.4614035E-03
   0.5000000       58.77678      5.9328219E-03  5.4567060E-03
   0.5000000       58.93393      5.0085695E-03  6.3163382E-03
   0.5000000       59.09109      3.9631603E-03  7.0194900E-03
   0.5000000       59.24825      2.8225190E-03  7.5497557E-03
   0.5000000       59.40540      1.6151733E-03  7.8947395E-03
   0.5000000       59.56256      3.7069403E-04  8.0464100E-03
   0.5000000       59.71972     -8.7976048E-04  8.0018984E-03
   0.5000000       59.87688     -2.1059280E-03  7.7635576E-03
   0.5000000       60.03403     -3.2777679E-03  7.3374370E-03
   0.5000000       60.19119     -4.3665436E-03  6.7352643E-03
   0.5000000       60.34835     -5.3462335E-03  5.9720632E-03
   0.5000000       60.50550     -6.1935438E-03  5.0677005E-03
   0.5000000       60.66266     -6.8881521E-03  4.0445901E-03
   0.5000000       60.81982     -7.4134264E-03  2.9280263E-03
   0.5000000       60.97698     -7.7577177E-03  1.7463212E-03
   0.5000000       61.13413     -7.9135643E-03  5.2823598E-04
   0.5000000       61.29129     -7.8777736E-03 -6.9610268E-04
   0.5000000       61.44845     -7.6524857E-03 -1.8969341E-03
   0.5000000       61.60561     -7.2438493E-03 -3.0449992E-03
   0.5000000       61.76276     -6.6630291E-03 -4.1126641E-03
   0.5000000       61.91992     -5.9248167E-03 -5.0739716E-03
   0.5000000       62.07708     -5.0486643E-03 -5.9060999E-03
   0.5000000       62.23423     -4.0561412E-03 -6.5894201E-03
   0.5000000       62.39139     -2.9727775E-03 -7.1084569E-03
   0.5000000       62.54855     -1.8250066E-03 -7.4508907E-03
   0.5000000       62.70571     -6.4160133E-04 -7.6096081E-03
   0.5000000       62.86286      5.4831937E-04 -7.5817625E-03
   0.5000000       63.02002      1.7154203E-03 -7.3688710E-03
   0.5000000       63.17718      2.8315259E-03 -6.9774389E-03
   0.5000000       63.33434      3.8693175E-03 -6.4183241E-03
   0.5000000       63.49149      4.8037558E-03 -5.7058386E-03
   0.5000000       63.64865      5.6126025E-03 -4.8588584E-03
   0.5000000       63.80581      6.2767537E-03 -3.8984502E-03
   0.5000000       63.96296      6.7805899E-03 -2.8494631E-03
   0.5000000       64.12012      7.1127019E-03 -1.7377575E-03
   0.5000000       64.27728      7.2659058E-03 -5.9131347E-04
   0.5000000       64.43443      7.2371662E-03  5.6137500E-04
   0.5000000       64.59159      7.0287916E-03  1.6918712E-03
   0.5000000       64.74875      6.6465470E-03  2.7723238E-03
   0.5000000       64.90591      6.1006215E-03  3.7765787E-03
   0.5000000       65.06306      5.4060640E-03  4.6797027E-03
   0.5000000       65.22022      4.5803590E-03  5.4603172E-03
   0.5000000       65.37738      3.6446340E-03  6.0998569E-03
   0.5000000       65.53454      2.6227632E-03  6.5830494E-03
   0.5000000       65.69169      1.5403721E-03  6.8983273E-03
   0.5000000       65.84885      4.2444613E-04  7.0393579E-03
   0.5000000       66.00600     -6.9703691E-04  7.0030955E-03
   0.5000000       66.16316     -1.7963405E-03  6.7913574E-03
   0.5000000       66.32032     -2.8462452E-03  6.4102006E-03
   0.5000000       66.47748     -3.8210491E-03  5.8698473E-03
   0.5000000       66.63464     -4.6971957E-03  5.1843785E-03
   0.5000000       66.79179     -5.4530953E-03  4.3711020E-03
   0.5000000       66.94895     -6.0706716E-03  3.4510684E-03
   0.5000000       67.10611     -6.5351664E-03  2.4471974E-03
   0.5000000       67.26326     -6.8356143E-03  1.3848853E-03
   0.5000000       67.42042     -6.9656093E-03  2.9030698E-04
   0.5000000       67.57758     -6.9217179E-03 -8.0919598E-04
   0.5000000       67.73473     -6.7066760E-03 -1.8865700E-03
   0.5000000       67.89189     -6.3258926E-03 -2.9150902E-03
   0.5000000       68.04905     -5.7894047E-03 -3.8698451E-03
   0.5000000       68.20621     -5.1111723E-03 -4.7273119E-03
   0.5000000       68.36337     -4.3081949E-03 -5.4665818E-03
   0.5000000       68.52052     -3.4008638E-03 -6.0704029E-03
   0.5000000       68.67768     -2.4118226E-03 -6.5241065E-03
   0.5000000       68.83483     -1.3654450E-03 -6.8168351E-03
   0.5000000       68.99199     -2.8808642E-04 -6.9423113E-03
   0.5000000       69.14915      7.9396478E-04 -6.8979142E-03
   0.5000000       69.30630      1.8541368E-03 -6.6854386E-03
   0.5000000       69.46346      2.8665818E-03 -6.3107922E-03
   0.5000000       69.62062      3.8063319E-03 -5.7835155E-03
   0.5000000       69.77778      4.6505164E-03 -5.1170988E-03
   0.5000000       69.93494      5.3793136E-03 -4.3287384E-03
   0.5000000       70.09209      5.9749712E-03 -3.4379796E-03
   0.5000000       70.24925      6.4235101E-03 -2.4671063E-03
   0.5000000       70.40640      6.7146476E-03 -1.4403863E-03
   0.5000000       70.56356      6.8418756E-03 -3.8288996E-04
   0.5000000       70.72072      6.8025403E-03  6.7941227E-04
   0.5000000       70.87788      6.5985634E-03  1.7199686E-03
   0.5000000       71.03503      6.2356037E-03  2.7139641E-03
   0.5000000       71.19219      5.7232063E-03  3.6371509E-03
   0.5000000       71.34935      5.0747418E-03  4.4669448E-03
   0.5000000       71.50651      4.3065329E-03  5.1837033E-03
   0.5000000       71.66367      3.4378541E-03  5.7704425E-03
   0.5000000       71.82082      2.4908683E-03  6.2134000E-03
   0.5000000       71.97798      1.4887642E-03  6.5022032E-03
   0.5000000       72.13513      4.5669480E-04  6.6306475E-03
   0.5000000       72.29229     -5.8020395E-04  6.5964116E-03
   0.5000000       72.44945     -1.5962496E-03  6.4007230E-03
   0.5000000       72.60661     -2.5667869E-03  6.0498198E-03
   0.5000000       72.76376     -3.4678823E-03  5.5530528E-03
   0.5000000       72.92092     -4.2780018E-03  4.9228417E-03
   0.5000000       73.07808     -4.9775164E-03  4.1754129E-03
   0.5000000       73.23524     -5.5499021E-03  3.3302279E-03
   0.5000000       73.39240     -5.9818295E-03  2.4081233E-03
   0.5000000       73.54955     -6.2630773E-03  1.4324818E-03
   0.5000000       73.70670     -6.3876584E-03  4.2715305E-04
   0.5000000       73.86386     -6.3530048E-03 -5.8232853E-04
   0.5000000       74.02102     -6.1609596E-03 -1.5715378E-03
   0.5000000       74.17818     -5.8171195E-03 -2.5161339E-03
   0.5000000       74.33533     -5.3300154E-03 -3.3924289E-03
   0.5000000       74.49249     -4.7133346E-03 -4.1799759E-03
   0.5000000       74.64965     -3.9822343E-03 -4.8591527E-03
   0.5000000       74.80681     -3.1556096E-03 -5.4136077E-03
   0.5000000       74.96397     -2.2543222E-03 -5.8305627E-03
   0.5000000       75.12112     -1.3003297E-03 -6.1000306E-03
   0.5000000       75.27827     -3.1838953E-04 -6.2162150E-03
   0.5000000       75.43543      6.6786510E-04 -6.1766910E-03
   0.5000000       75.59259      1.6333850E-03 -5.9830262E-03
   0.5000000       75.74975      2.5551817E-03 -5.6406287E-03
   0.5000000       75.90691      3.4097801E-03 -5.1588742E-03
   0.5000000       76.06406      4.1767838E-03 -4.5500300E-03
   0.5000000       76.22122      4.8373179E-03 -3.8293262E-03
   0.5000000       76.37838      5.3757783E-03 -3.0153689E-03
   0.5000000       76.53554      5.7790005E-03 -2.1284209E-03
   0.5000000       76.69270      6.0375808E-03 -1.1908164E-03
   0.5000000       76.84985      6.1457600E-03 -2.2564476E-04
   0.5000000       77.00700      6.1013293E-03  7.4283953E-04
   0.5000000       77.16416      5.9057251E-03  1.6911597E-03
   0.5000000       77.32132      5.5643385E-03  2.5954917E-03
   0.5000000       77.47848      5.0865025E-03  3.4339998E-03
   0.5000000       77.63564      4.4837776E-03  4.1862996E-03
   0.5000000       77.79279      3.7717801E-03  4.8338450E-03
   0.5000000       77.94995      2.9682473E-03  5.3612739E-03
   0.5000000       78.10711      2.0937969E-03  5.7557775E-03
   0.5000000       78.26427      1.1692453E-03  6.0083545E-03
   0.5000000       78.42142      2.1828474E-04  6.1129034E-03
   0.5000000       78.57858     -7.3623040E-04  6.0671517E-03
   0.5000000       78.73573     -1.6701517E-03  5.8741961E-03
   0.5000000       78.89289     -2.5611641E-03  5.5372943E-03
   0.5000000       79.05005     -3.3871992E-03  5.0665624E-03
   0.5000000       79.20721     -4.1285004E-03  4.4729849E-03
   0.5000000       79.36436     -4.7669248E-03  3.7726758E-03
   0.5000000       79.52152     -5.2871052E-03  2.9821838E-03
   0.5000000       79.67868     -5.6769098E-03  2.1219114E-03
   0.5000000       79.83584     -5.9272512E-03  1.2128301E-03
   0.5000000       79.99300     -6.0325055E-03  2.7758977E-04
   0.5000000       80.15015     -5.9902552E-03 -6.6073670E-04
   0.5000000       80.30730     -5.8025443E-03 -1.5794558E-03
   0.5000000       80.46446     -5.4742894E-03 -2.4558736E-03
   0.5000000       80.62162     -5.0146044E-03 -3.2684428E-03
   0.5000000       80.77878     -4.4344561E-03 -3.9979029E-03
   0.5000000       80.93594     -3.7489946E-03 -4.6263766E-03
   0.5000000       81.09309     -2.9752448E-03 -5.1391837E-03
   0.5000000       81.25025     -2.1330160E-03 -5.5238884E-03
   0.5000000       81.40741     -1.2426645E-03 -5.7719625E-03
   0.5000000       81.56457     -3.2684911E-04 -5.8772257E-03
   0.5000000       81.72173      5.9220358E-04 -5.8385502E-03
   0.5000000       81.87888      1.4917101E-03 -5.6568426E-03
   0.5000000       82.03603      2.3500964E-03 -5.3375596E-03
   0.5000000       82.19319      3.1457685E-03 -4.8886146E-03
   0.5000000       82.35035      3.8602927E-03 -4.3224441E-03
   0.5000000       82.50751      4.4756732E-03 -3.6527014E-03
   0.5000000       82.66467      4.9772155E-03 -2.8965883E-03
   0.5000000       82.82182      5.3535546E-03 -2.0733648E-03
   0.5000000       82.97898      5.5954796E-03 -1.2029537E-03
   0.5000000       83.13614      5.6981337E-03 -3.0769786E-04
   0.5000000       83.29330      5.6590852E-03  5.9073314E-04
   0.5000000       83.45045      5.4800645E-03  1.4697608E-03
   0.5000000       83.60760      5.1661232E-03  2.3082844E-03
   0.5000000       83.76476      4.7255075E-03  3.0854286E-03
   0.5000000       83.92192      4.1693635E-03  3.7821836E-03
   0.5000000       84.07908      3.5125059E-03  4.3822061E-03
   0.5000000       84.23624      2.7708760E-03  4.8705507E-03
   0.5000000       84.39339      1.9634047E-03  5.2354517E-03
   0.5000000       84.55055      1.1103115E-03  5.4687709E-03
   0.5000000       84.70771      2.3306941E-04  5.5653565E-03
   0.5000000       84.86487     -6.4705976E-04  5.5228011E-03
   0.5000000       85.02202     -1.5079660E-03  5.3430777E-03
   0.5000000       85.17918     -2.3285130E-03  5.0309622E-03
   0.5000000       85.33633     -3.0886086E-03  4.5948066E-03
   0.5000000       85.49349     -3.7698587E-03  4.0453784E-03
   0.5000000       85.65065     -4.3554329E-03  3.3971947E-03
   0.5000000       85.80781     -4.8312950E-03  2.6658978E-03
   0.5000000       85.96497     -5.1859273E-03  1.8706073E-03
   0.5000000       86.12212     -5.4112752E-03  1.0307733E-03
   0.5000000       86.27928     -5.5018342E-03  1.6711504E-04
   0.5000000       86.43644     -5.4556131E-03 -6.9896004E-04
   0.5000000       86.59360     -5.2750879E-03 -1.5455023E-03
   0.5000000       86.75075     -4.9642781E-03 -2.3521164E-03
   0.5000000       86.90791     -4.5316853E-03 -3.0993097E-03
   0.5000000       87.06506     -3.9877025E-03 -3.7683356E-03
   0.5000000       87.22222     -3.3468502E-03 -4.3435185E-03
   0.5000000       87.37938     -2.6246151E-03 -4.8104939E-03
   0.5000000       87.53654     -1.8394747E-03 -5.1580099E-03
   0.5000000       87.69370     -1.0108250E-03 -5.3783720E-03
   0.5000000       87.85085     -1.5897020E-04 -5.4659741E-03
   0.5000000       88.00801      6.9505838E-04 -5.4194722E-03
   0.5000000       88.16517      1.5300272E-03 -5.2399938E-03
   0.5000000       88.32232      2.3254964E-03 -4.9331002E-03
   0.5000000       88.47948      3.0618715E-03 -4.5058667E-03
   0.5000000       88.63663      3.7219818E-03 -3.9694835E-03
   0.5000000       88.79379      4.2888173E-03 -3.3379255E-03
   0.5000000       88.95095      4.7497689E-03 -2.6265120E-03
   0.5000000       89.10811      5.0931582E-03 -1.8528478E-03
   0.5000000       89.26527      5.3110612E-03 -1.0366864E-03
   0.5000000       89.42242      5.3987387E-03 -1.9762146E-04
   0.5000000       89.57958      5.3542075E-03  6.4332515E-04
   0.5000000       89.73674      5.1793107E-03  1.4655951E-03
   0.5000000       89.89389      4.8784493E-03  2.2490139E-03
   0.5000000       90.05105      4.4600316E-03  2.9747165E-03
   0.5000000       90.20821      3.9338656E-03  3.6247221E-03
   0.5000000       90.36536      3.3139808E-03  4.1838451E-03
   0.5000000       90.52252      2.6155338E-03  4.6380344E-03
   0.5000000       90.67968      1.8562053E-03  4.9767587E-03
   0.5000000       90.83684      1.0549090E-03  5.1926789E-03
   0.5000000       90.99400      2.3107446E-04  5.2802404E-03
   0.5000000       91.15115     -5.9466262E-04  5.2378629E-03
   0.5000000       91.30831     -1.4019775E-03  5.0672758E-03
   0.5000000       91.46546     -2.1708843E-03  4.7732918E-03
   0.5000000       91.62262     -2.8830117E-03  4.3631294E-03
   0.5000000       91.77978     -3.5209986E-03  3.8476547E-03
   0.5000000       91.93694     -4.0692631E-03  3.2398885E-03
   0.5000000       92.09409     -4.5151138E-03  2.5553624E-03
   0.5000000       92.25125     -4.8470213E-03  1.8108907E-03
   0.5000000       92.40841     -5.0582401E-03  1.0248552E-03
   0.5000000       92.56557     -5.1429365E-03  2.1761500E-04
   0.5000000       92.72272     -5.1006866E-03 -5.9215882E-04
   0.5000000       92.87988     -4.9324292E-03 -1.3834700E-03
   0.5000000       93.03704     -4.6424693E-03 -2.1366982E-03
   0.5000000       93.19419     -4.2389524E-03 -2.8343822E-03
   0.5000000       93.35135     -3.7319637E-03 -3.4583963E-03
   0.5000000       93.50851     -3.1340530E-03 -3.9948905E-03
   0.5000000       93.66566     -2.4610781E-03 -4.4297627E-03
   0.5000000       93.82282     -1.7293708E-03 -4.7529410E-03
   0.5000000       93.97998     -9.5733471E-04 -4.9574738E-03
   0.5000000       94.13714     -1.6409598E-04 -5.0379322E-03
   0.5000000       94.29430      6.3055783E-04 -4.9929749E-03
   0.5000000       94.45145      1.4071846E-03 -4.8244554E-03
   0.5000000       94.60861      2.1465051E-03 -4.5362590E-03
   0.5000000       94.76576      2.8302420E-03 -4.1364161E-03
   0.5000000       94.92292      3.4420709E-03 -3.6352421E-03
   0.5000000       95.08008      3.9670742E-03 -3.0449084E-03
   0.5000000       95.23724      4.3919985E-03 -2.3806735E-03
   0.5000000       95.39439      4.7074175E-03 -1.6588228E-03
   0.5000000       95.55155      4.9053826E-03 -8.9735462E-04
   0.5000000       95.70871      4.9814857E-03 -1.1583584E-04
   0.5000000       95.86587      4.9339733E-03  6.6677644E-04
   0.5000000       96.02303      4.7647762E-03  1.4320229E-03
   0.5000000       96.18018      4.4780634E-03  2.1600176E-03
   0.5000000       96.33733      4.0815352E-03  2.8332258E-03
   0.5000000       96.49449      3.5848976E-03  3.4349374E-03
   0.5000000       96.65165      3.0010687E-03  3.9511411E-03
   0.5000000       96.80881      2.3445261E-03  4.3690186E-03
   0.5000000       96.96597      1.6311903E-03  4.6785753E-03
   0.5000000       97.12312      8.7963033E-04  4.8726117E-03
   0.5000000       97.28028      1.0803450E-04  4.9461410E-03
   0.5000000       97.43744     -6.6499913E-04  4.8982850E-03
   0.5000000       97.59460     -1.4200533E-03  4.7302307E-03
   0.5000000       97.75175     -2.1383036E-03  4.4465973E-03
   0.5000000       97.90891     -2.8024963E-03  4.0547336E-03
   0.5000000       98.06606     -3.3968017E-03  3.5645152E-03
   0.5000000       98.22322     -3.9059359E-03  2.9882677E-03
   0.5000000       98.38038     -4.3184562E-03  2.3402593E-03
   0.5000000       98.53754     -4.6240869E-03  1.6368525E-03
   0.5000000       98.69469     -4.8158686E-03  8.9556066E-04
   0.5000000       98.85185     -4.8891068E-03  1.3434101E-04
   0.5000000       99.00901     -4.8425361E-03 -6.2784750E-04
   0.5000000       99.16617     -4.6779825E-03 -1.3720711E-03
   0.5000000       99.32333     -4.3992233E-03 -2.0804275E-03
   0.5000000       99.48048     -4.0139533E-03 -2.7353002E-03
   0.5000000       99.63763     -3.5316758E-03 -3.3211580E-03
   0.5000000       99.79479     -2.9650447E-03 -3.8236117E-03
   0.5000000       99.95195     -2.3274594E-03 -4.2304462E-03
   0.5000000       100.1091     -1.6354881E-03 -4.5323195E-03
   0.5000000       100.2663     -9.0605888E-04 -4.7218041E-03
   0.5000000       100.4234     -1.5734643E-04 -4.7945939E-03
   0.5000000       100.5806      5.9228658E-04 -4.7499277E-03
   0.5000000       100.7377      1.3241213E-03 -4.5884000E-03
   0.5000000       100.8949      2.0210589E-03 -4.3150582E-03
   0.5000000       101.0521      2.6653409E-03 -3.9367857E-03
   0.5000000       101.2092      3.2408920E-03 -3.4628990E-03
   0.5000000       101.3664      3.7347751E-03 -2.9057870E-03
   0.5000000       101.5235      4.1344319E-03 -2.2795266E-03
   0.5000000       101.6807      4.4306633E-03 -1.5994392E-03
   0.5000000       101.8378      4.6162726E-03 -8.8260788E-04
   0.5000000       101.9950      4.6871835E-03 -1.4672572E-04
   0.5000000       102.1522      4.6419385E-03  5.8956852E-04
   0.5000000       102.3093      4.4825482E-03  1.3087364E-03
   0.5000000       102.4665      4.2124512E-03  1.9925502E-03
   0.5000000       102.6236      3.8390299E-03  2.6248421E-03
   0.5000000       102.7808      3.3723714E-03  3.1897638E-03
   0.5000000       102.9379      2.8234408E-03  3.6738515E-03
   0.5000000       103.0951      2.2065092E-03  4.0651397E-03
   0.5000000       103.2523      1.5371935E-03  4.3542539E-03
   0.5000000       103.4094      8.3166693E-04  4.5346636E-03
   0.5000000       103.5666      1.0756535E-04  4.6019261E-03
   0.5000000       103.7237     -6.1700860E-04  4.5550480E-03
   0.5000000       103.8809     -1.3241140E-03  4.3951822E-03
   0.5000000       104.0380     -1.9966715E-03  4.1269003E-03
   0.5000000       104.1952     -2.6176935E-03  3.7574037E-03
   0.5000000       104.3523     -3.1724132E-03  3.2953818E-03
   0.5000000       104.5095     -3.6475097E-03  2.7527458E-03
   0.5000000       104.6667     -4.0305485E-03  2.1431183E-03
   0.5000000       104.8238     -4.3132319E-03  1.4820055E-03
   0.5000000       104.9810     -4.4884472E-03  7.8572152E-04
   0.5000000       105.1381     -4.5524556E-03  7.1362425E-05
   0.5000000       105.2953     -4.5036664E-03 -6.4354239E-04
   0.5000000       105.4525     -4.3438398E-03 -1.3407392E-03
   0.5000000       105.6096     -4.0766266E-03 -2.0034821E-03
   0.5000000       105.7668     -3.7101035E-03 -2.6160323E-03
   0.5000000       105.9239     -3.2519489E-03 -3.1623167E-03
   0.5000000       106.0811     -2.7152319E-03 -3.6296779E-03
   0.5000000       106.2382     -2.1123784E-03 -4.0069148E-03
   0.5000000       106.3954     -1.4584747E-03 -4.2844294E-03
   0.5000000       106.5526     -7.7021035E-04 -4.4565527E-03
   0.5000000       106.7097     -6.4357606E-05 -4.5185345E-03
   0.5000000       106.8669      6.4188690E-04 -4.4695330E-03
   0.5000000       107.0240      1.3306270E-03 -4.3104752E-03
   0.5000000       107.1812      1.9851350E-03 -4.0461267E-03
   0.5000000       107.3383      2.5898789E-03 -3.6830967E-03
   0.5000000       107.4955      3.1294532E-03 -3.2307114E-03
   0.5000000       107.6527      3.5911410E-03 -2.6999437E-03
   0.5000000       107.8098      3.9634174E-03 -2.1044305E-03
   0.5000000       107.9670      4.2383219E-03 -1.4588542E-03
   0.5000000       108.1241      4.4078431E-03 -7.7941822E-04
   0.5000000       108.2813      4.4695162E-03 -8.2604914E-05
   0.5000000       108.4384      4.4213058E-03  6.1448163E-04
   0.5000000       108.5956      4.2651147E-03  1.2944520E-03
   0.5000000       108.7528      4.0045986E-03  1.9406084E-03
   0.5000000       108.9099      3.6469691E-03  2.5372009E-03
   0.5000000       109.0671      3.2013154E-03  3.0697165E-03
   0.5000000       109.2242      2.6782856E-03  3.5256685E-03
   0.5000000       109.3814      2.0915836E-03  3.8931847E-03
   0.5000000       109.5385      1.4555058E-03  4.1638911E-03
   0.5000000       109.6957      7.8582921E-04  4.3319091E-03
   0.5000000       109.8529      9.9161552E-05  4.3929489E-03
   0.5000000       110.0100     -5.8741018E-04  4.3459106E-03
   0.5000000       110.1672     -1.2571430E-03  4.1922964E-03
   0.5000000       110.3243     -1.8932591E-03  3.9356290E-03
   0.5000000       110.4815     -2.4810531E-03  3.5838019E-03
   0.5000000       110.6386     -3.0053353E-03  3.1447392E-03
   0.5000000       110.7958     -3.4537818E-03  2.6299141E-03
   0.5000000       110.9529     -3.8153692E-03  2.0521346E-03
   0.5000000       111.1101     -4.0817675E-03  1.4257602E-03
   0.5000000       111.2673     -4.2463099E-03  7.6629844E-04
   0.5000000       111.4244     -4.3055746E-03  9.0476577E-05
   0.5000000       111.5816     -4.2586066E-03 -5.8506557E-04
   0.5000000       111.7387     -4.1061491E-03 -1.2440360E-03
   0.5000000       111.8959     -3.8528228E-03 -1.8704201E-03
   0.5000000       112.0531     -3.5052113E-03 -2.4479355E-03
   0.5000000       112.2102     -3.0718499E-03 -2.9634540E-03
   0.5000000       112.3674     -2.5639087E-03 -3.4037724E-03
   0.5000000       112.5245     -1.9939356E-03 -3.7588573E-03
   0.5000000       112.6817     -1.3768796E-03 -4.0192073E-03
   0.5000000       112.8388     -7.2638469E-04 -4.1794288E-03
   0.5000000       112.9960     -6.0566141E-05 -4.2358767E-03
   0.5000000       113.1532      6.0527073E-04 -4.1870242E-03
   0.5000000       113.3103      1.2544929E-03 -4.0354794E-03
   0.5000000       113.4675      1.8708387E-03 -3.7833038E-03
   0.5000000       113.6246      2.4393562E-03 -3.4385938E-03
   0.5000000       113.7818      2.9462653E-03 -3.0094935E-03
   0.5000000       113.9389      3.3790390E-03 -2.5066414E-03
   0.5000000       114.0961      3.7269604E-03 -1.9432508E-03
   0.5000000       114.2533      3.9824676E-03 -1.3328415E-03
   0.5000000       114.4104      4.1388026E-03 -6.9078652E-04
   0.5000000       114.5676      4.1924724E-03 -3.2741169E-05
   0.5000000       114.7247      4.1423226E-03  6.2468380E-04
   0.5000000       114.8819      3.9897310E-03  1.2655786E-03
   0.5000000       115.0390      3.7392799E-03  1.8738086E-03
   0.5000000       115.1962      3.3972377E-03  2.4347168E-03
   0.5000000       115.3534      2.9717716E-03  2.9347269E-03
   0.5000000       115.5105      2.4739234E-03  3.3609821E-03
   0.5000000       115.6677      1.9161808E-03  3.7041223E-03
   0.5000000       115.8248      1.3124151E-03  3.9555738E-03
   0.5000000       115.9820      6.7683624E-04  4.1088774E-03
   0.5000000       116.1391      2.6412079E-05  4.1605514E-03
   0.5000000       116.2963     -6.2353053E-04  4.1104779E-03
   0.5000000       116.4535     -1.2568502E-03  3.9587384E-03
   0.5000000       116.6106     -1.8581405E-03  3.7104525E-03
   0.5000000       116.7678     -2.4122300E-03  3.3718804E-03
   0.5000000       116.9249     -2.9061511E-03  2.9510427E-03
   0.5000000       117.0821     -3.3275324E-03  2.4586460E-03
   0.5000000       117.2392     -3.6665734E-03  1.9071656E-03
   0.5000000       117.3964     -3.9146720E-03  1.3105011E-03
   0.5000000       117.5536     -4.0662033E-03  6.8283873E-04
   0.5000000       117.7107     -4.1176863E-03  3.9841147E-05
   0.5000000       117.8679     -4.0681255E-03 -6.0215627E-04
   0.5000000       118.0250     -3.9185998E-03 -1.2279840E-03
   0.5000000       118.1822     -3.6736932E-03 -1.8217626E-03
   0.5000000       118.3393     -3.3391134E-03 -2.3695352E-03
   0.5000000       118.4965     -2.9238178E-03 -2.8571540E-03
   0.5000000       118.6537     -2.4381001E-03 -3.2737523E-03
   0.5000000       118.8108     -1.8941574E-03 -3.6081281E-03
   0.5000000       118.9680     -1.3046953E-03 -3.8534424E-03
   0.5000000       119.1251     -6.8532734E-04 -4.0030205E-03
   0.5000000       119.2823     -5.1313764E-05 -4.0538404E-03
   0.5000000       119.4394      5.8214599E-04 -4.0049758E-03
   0.5000000       119.5966      1.1991982E-03 -3.8579670E-03
   0.5000000       119.7538      1.7846551E-03 -3.6161530E-03
   0.5000000       119.9109      2.3244584E-03 -3.2865391E-03
   0.5000000       120.0681      2.8053049E-03 -2.8771067E-03
   0.5000000       120.2252      3.2156338E-03 -2.3978741E-03
   0.5000000       120.3824      3.5452307E-03 -1.8609962E-03
   0.5000000       120.5395      3.7863734E-03 -1.2803297E-03
   0.5000000       120.6967      3.9334386E-03 -6.6951121E-04
   0.5000000       120.8539      3.9827698E-03 -4.4131717E-05
   0.5000000       121.0110      3.9340835E-03  5.8004109E-04
   0.5000000       121.1682      3.7877883E-03  1.1880469E-03
   0.5000000       121.3253      3.5484782E-03  1.7644878E-03
   0.5000000       121.4825      3.2225365E-03  2.2964820E-03
   0.5000000       121.6396      2.8177463E-03  2.7697270E-03
   0.5000000       121.7968      2.3443997E-03  3.1728558E-03
   0.5000000       121.9540      1.8140568E-03  3.4968599E-03
   0.5000000       122.1111      1.2404579E-03  3.7332778E-03
   0.5000000       122.2683      6.3832756E-04  3.8767203E-03
   0.5000000       122.4254      2.1214541E-05  3.9238054E-03
   0.5000000       122.5826     -5.9444981E-04  3.8735925E-03
   0.5000000       122.7397     -1.1946110E-03  3.7276400E-03
   0.5000000       122.8969     -1.7632669E-03  3.4899528E-03
   0.5000000       123.0541     -2.2869194E-03  3.1665710E-03
   0.5000000       123.2112     -2.7531735E-03  2.7656457E-03
   0.5000000       123.3684     -3.1499632E-03  2.2967099E-03
   0.5000000       123.5255     -3.4681538E-03  1.7721497E-03
   0.5000000       123.6827     -3.7002235E-03  1.2046352E-03
   0.5000000       123.8398     -3.8403464E-03  6.0887047E-04
   0.5000000       123.9970     -3.8853458E-03 -9.4110857E-07
   0.5000000       124.1542     -3.8341787E-03 -6.0967763E-04
   0.5000000       124.3113     -3.6882991E-03 -1.2020814E-03
   0.5000000       124.4685     -3.4516812E-03 -1.7639482E-03
   0.5000000       124.6256     -3.1304485E-03 -2.2811517E-03
   0.5000000       124.7828     -2.7323198E-03 -2.7413948E-03
   0.5000000       124.9399     -2.2683095E-03 -3.1329310E-03
   0.5000000       125.0971     -1.7486615E-03 -3.4471273E-03
   0.5000000       125.2543     -1.1871918E-03 -3.6751551E-03
   0.5000000       125.4114     -5.9719273E-04 -3.8130791E-03
   0.5000000       125.5686      6.4685573E-06 -3.8560464E-03
   0.5000000       125.7257      6.0865661E-04 -3.8048180E-03
   0.5000000       125.8829      1.1946653E-03 -3.6598090E-03
   0.5000000       126.0400      1.7500389E-03 -3.4253288E-03
   0.5000000       126.1972      2.2617592E-03 -3.1066593E-03
   0.5000000       126.3544      2.7164049E-03 -2.7127096E-03
   0.5000000       126.5115      3.1039552E-03 -2.2532505E-03
   0.5000000       126.6687      3.4140476E-03 -1.7392588E-03
   0.5000000       126.8258      3.6396016E-03 -1.1834303E-03
   0.5000000       126.9830      3.7756583E-03 -6.0010853E-04
   0.5000000       127.1401      3.8185085E-03 -3.3721653E-06
   0.5000000       127.2973      3.7674869E-03  5.9231697E-04
   0.5000000       127.4545      3.6241573E-03  1.1717982E-03
   0.5000000       127.6116      3.3927464E-03  1.7209740E-03
   0.5000000       127.7688      3.0777229E-03  2.2263732E-03
   0.5000000       127.9259      2.6887346E-03  2.6759994E-03
   0.5000000       128.0831      2.2344049E-03  3.0587337E-03
   0.5000000       128.2402      1.7267144E-03  3.3653481E-03
   0.5000000       128.3974      1.1778155E-03  3.5882206E-03
   0.5000000       128.5546      6.0177461E-04  3.7222775E-03
   0.5000000       128.7117      1.2134439E-05  3.7648533E-03
   0.5000000       128.8689     -5.7569129E-04  3.7143992E-03
   0.5000000       129.0260     -1.1481281E-03  3.5729003E-03
   0.5000000       129.1832     -1.6900755E-03  3.3438315E-03
   0.5000000       129.3403     -2.1890353E-03  3.0330413E-03
   0.5000000       129.4975     -2.6326797E-03  2.6483149E-03
   0.5000000       129.6546     -3.0102539E-03  2.2000337E-03
   0.5000000       129.8118     -3.3122012E-03  1.6983476E-03
   0.5000000       129.9690     -3.5317538E-03  1.1569526E-03
   0.5000000       130.1261     -3.6636218E-03  5.8789179E-04
   0.5000000       130.2833     -3.7045579E-03  5.9455292E-06
   0.5000000       130.4404     -3.6542576E-03 -5.7410705E-04
   0.5000000       130.5976     -3.5136684E-03 -1.1386189E-03
   0.5000000       130.7548     -3.2865067E-03 -1.6734735E-03
   0.5000000       130.9119     -2.9791617E-03 -2.1652994E-03
   0.5000000       131.0691     -2.5985907E-03 -2.6023849E-03
   0.5000000       131.2262     -2.1553605E-03 -2.9743097E-03
   0.5000000       131.3834     -1.6596309E-03 -3.2710209E-03
   0.5000000       131.5405     -1.1234634E-03 -3.4868603E-03
   0.5000000       131.6977     -5.6167226E-04 -3.6156988E-03
   0.5000000       131.8549      1.2680739E-05 -3.6548600E-03
   0.5000000       132.0120      5.8562728E-04 -3.6036433E-03
   0.5000000       132.1692      1.1430715E-03 -3.4633433E-03
   0.5000000       132.3263      1.6707425E-03 -3.2374379E-03
   0.5000000       132.4835      2.1561915E-03 -2.9322680E-03
   0.5000000       132.6406      2.5871187E-03 -2.5551429E-03
   0.5000000       132.7978      2.9530034E-03 -2.1156191E-03
   0.5000000       132.9550      3.2458652E-03 -1.6246609E-03
   0.5000000       133.1121      3.4574633E-03 -1.0944635E-03
   0.5000000       133.2693      3.5833805E-03 -5.3849065E-04
   0.5000000       133.4264      3.6207447E-03  3.0153875E-05
   0.5000000       133.5836      3.5683180E-03  5.9680454E-04
   0.5000000       133.7407      3.4280370E-03  1.1477508E-03
   0.5000000       133.8979      3.2034079E-03  1.6696322E-03
   0.5000000       134.0551      2.9001890E-03  2.1490594E-03
   0.5000000       134.2122      2.5261994E-03  2.5754210E-03
   0.5000000       134.3694      2.0904720E-03  2.9366212E-03
   0.5000000       134.5265      1.6039027E-03  3.2252043E-03
   0.5000000       134.6837      1.0788633E-03  3.4339712E-03
   0.5000000       134.8408      5.2782160E-04  3.5576797E-03
   0.5000000       134.9980     -3.4797235E-05  3.5939750E-03
   0.5000000       135.1552     -5.9585011E-04  3.5416062E-03
   0.5000000       135.3123     -1.1411262E-03  3.4020112E-03
   0.5000000       135.4695     -1.6575119E-03  3.1790005E-03
   0.5000000       135.6266     -2.1322055E-03  2.8783826E-03
   0.5000000       135.7838     -2.5531822E-03  2.5078799E-03
   0.5000000       135.9409     -2.9109297E-03  2.0760673E-03
   0.5000000       136.0981     -3.1964348E-03  1.5944437E-03
   0.5000000       136.2552     -3.4024790E-03  1.0746545E-03
   0.5000000       136.4124     -3.5249344E-03  5.2914594E-04
   0.5000000       136.5696     -3.5603270E-03 -2.7582992E-05
   0.5000000       136.7267     -3.5085366E-03 -5.8281294E-04
   0.5000000       136.8839     -3.3701221E-03 -1.1223505E-03
   0.5000000       137.0410     -3.1500102E-03 -1.6329107E-03
   0.5000000       137.1982     -2.8524997E-03 -2.1024772E-03
   0.5000000       137.3554     -2.4854266E-03 -2.5186127E-03
   0.5000000       137.5125     -2.0588792E-03 -2.8726768E-03
   0.5000000       137.6697     -1.5822386E-03 -3.1549726E-03
   0.5000000       137.8268     -1.0682408E-03 -3.3588496E-03
   0.5000000       137.9840     -5.2934256E-04 -3.4794093E-03
   0.5000000       138.1411      2.1353530E-05 -3.5143881E-03
   0.5000000       138.2983      5.6991726E-04 -3.4630727E-03
   0.5000000       138.4555      1.1031650E-03 -3.3264959E-03
   0.5000000       138.6126      1.6077469E-03 -3.1081520E-03
   0.5000000       138.7698      2.0716132E-03 -2.8139225E-03
   0.5000000       138.9269      2.4826422E-03 -2.4515633E-03
   0.5000000       139.0841      2.8316015E-03 -2.0294511E-03
   0.5000000       139.2412      3.1099371E-03 -1.5583651E-03
   0.5000000       139.3984      3.3110804E-03 -1.0503104E-03
   0.5000000       139.5556      3.4296846E-03 -5.1746127E-04
   0.5000000       139.7127      3.4634429E-03  2.6060225E-05
   0.5000000       139.8699      3.4116351E-03  5.6820636E-04
   0.5000000       140.0270      3.2754999E-03  1.0945838E-03
   0.5000000       140.1842      3.0597157E-03  1.5925997E-03
   0.5000000       140.3413      2.7683584E-03  2.0506731E-03
   0.5000000       140.4985      2.4092270E-03  2.4562592E-03
   0.5000000       140.6557      1.9915064E-03  2.8003359E-03
   0.5000000       140.8128      1.5254816E-03  3.0745140E-03
   0.5000000       140.9700      1.0229592E-03  3.2718829E-03
   0.5000000       141.1271      4.9629185E-04  3.3881725E-03
   0.5000000       141.2843     -4.1614196E-05  3.4200521E-03
   0.5000000       141.4414     -5.7740451E-04  3.3678347E-03
   0.5000000       141.5986     -1.0977361E-03  3.2322477E-03
   0.5000000       141.7558     -1.5898466E-03  3.0171222E-03
   0.5000000       141.9129     -2.0413920E-03  2.7277155E-03
   0.5000000       142.0701     -2.4421522E-03  2.3713463E-03
   0.5000000       142.2272     -2.7815148E-03  1.9575991E-03
   0.5000000       142.3844     -3.0513229E-03  1.4955937E-03
   0.5000000       142.5415     -3.2455642E-03  9.9769246E-04
   0.5000000       142.6987     -3.3589085E-03  4.7624088E-04
   0.5000000       142.8559     -3.3898877E-03 -5.6253626E-05
   0.5000000       143.0130     -3.3367632E-03 -5.8631663E-04
   0.5000000       143.1702     -3.2011496E-03 -1.1010332E-03
   0.5000000       143.3273     -2.9871515E-03 -1.5879793E-03
   0.5000000       143.4845     -2.6998015E-03 -2.0348963E-03
   0.5000000       143.6416     -2.3461545E-03 -2.4308143E-03
   0.5000000       143.7988     -1.9358464E-03 -2.7659957E-03
   0.5000000       143.9560     -1.4778069E-03 -3.0332415E-03
   0.5000000       144.1131     -9.8440552E-04 -3.2243619E-03
   0.5000000       144.2703     -4.6768988E-04 -3.3357365E-03
   0.5000000       144.4274      6.0342216E-05 -3.3656363E-03
   0.5000000       144.5846      5.8499287E-04 -3.3124527E-03
   0.5000000       144.7417      1.0948622E-03 -3.1775928E-03
   0.5000000       144.8989      1.5769964E-03 -2.9649318E-03
   0.5000000       145.0561      2.0192487E-03 -2.6796896E-03
   0.5000000       145.2132      2.4109678E-03 -2.3289060E-03
   0.5000000       145.3704      2.7429524E-03 -1.9218257E-03
   0.5000000       145.5275      3.0067211E-03 -1.4682628E-03
   0.5000000       145.6847      3.1961352E-03 -9.7949943E-04
   0.5000000       145.8418      3.3065416E-03 -4.6764273E-04
   0.5000000       145.9990      3.3356643E-03  5.4196957E-05
   0.5000000       146.1562      3.2827589E-03  5.7461957E-04
   0.5000000       146.3133      3.1489020E-03  1.0793083E-03
   0.5000000       146.4705      2.9381274E-03  1.5561142E-03
   0.5000000       146.6276      2.6558994E-03  1.9941702E-03
   0.5000000       146.7848      2.3090872E-03  2.3816628E-03
   0.5000000       146.9419      1.9062188E-03  2.7099010E-03
   0.5000000       147.0991      1.4570609E-03  2.9709728E-03
   0.5000000       147.2563      9.7360736E-04  3.1582229E-03
   0.5000000       147.4134      4.6701488E-04  3.2672498E-03
   0.5000000       147.5706     -4.9742899E-05  3.2959883E-03
   0.5000000       147.7277     -5.6409684E-04  3.2432871E-03
   0.5000000       147.8849     -1.0630748E-03  3.1106991E-03
   0.5000000       148.0420     -1.5348020E-03  2.9023238E-03
   0.5000000       148.1992     -1.9676799E-03  2.6226859E-03
   0.5000000       148.3564     -2.3508037E-03  2.2791070E-03
   0.5000000       148.5135     -2.6751766E-03  1.8804598E-03
   0.5000000       148.6707     -2.9325015E-03  1.4359157E-03
   0.5000000       148.8278     -3.1171625E-03  9.5758546E-04
   0.5000000       148.9850     -3.2243882E-03  4.5702033E-04
   0.5000000       149.1421     -3.2520250E-03 -5.4363536E-05
   0.5000000       149.2993     -3.1989703E-03 -5.6251575E-04
   0.5000000       149.4565     -3.0674930E-03 -1.0560856E-03
   0.5000000       149.6136     -2.8603058E-03 -1.5218399E-03
   0.5000000       149.7708     -2.5830807E-03 -1.9490910E-03
   0.5000000       149.9279     -2.2430825E-03 -2.3279190E-03
   0.5000000       150.0851     -1.8478994E-03 -2.6473817E-03
   0.5000000       150.2422     -1.4083727E-03 -2.9016219E-03
   0.5000000       150.3994     -9.3443162E-04 -3.0832198E-03
   0.5000000       150.5566     -4.3896824E-04 -3.1881533E-03
   0.5000000       150.7137      6.6617955E-05 -3.2141937E-03
   0.5000000       150.8709      5.6960748E-04 -3.1607349E-03
   0.5000000       151.0280      1.0575070E-03 -3.0298934E-03
   0.5000000       151.1852      1.5185232E-03 -2.8237153E-03
   0.5000000       151.3423      1.9408083E-03 -2.5483370E-03
   0.5000000       151.4995      2.3142383E-03 -2.2107810E-03
   0.5000000       151.6567      2.6304421E-03 -1.8187462E-03
   0.5000000       151.8138      2.8805367E-03 -1.3825541E-03
   0.5000000       151.9710      3.0594273E-03 -9.1335719E-04
   0.5000000       152.1281      3.1623468E-03 -4.2222015E-04
   0.5000000       152.2853      3.1869926E-03  7.8809368E-05
   0.5000000       152.4424      3.1330993E-03  5.7683728E-04
   0.5000000       152.5996      3.0017521E-03  1.0598630E-03
   0.5000000       152.7568      2.7969361E-03  1.5159580E-03
   0.5000000       152.9139      2.5233605E-03  1.9340522E-03
   0.5000000       153.0711      2.1878839E-03  2.3036543E-03
   0.5000000       153.2282      1.7989908E-03  2.6154290E-03
   0.5000000       153.3854      1.3662803E-03  2.8630099E-03
   0.5000000       153.5425      9.0102653E-04  3.0397526E-03
   0.5000000       153.6997      4.1412358E-04  3.1412488E-03
   0.5000000       153.8569     -8.2247476E-05  3.1647256E-03
   0.5000000       154.0140     -5.7584059E-04  3.1105438E-03
   0.5000000       154.1712     -1.0543842E-03  2.9802804E-03
   0.5000000       154.3283     -1.5062102E-03  2.7763420E-03
   0.5000000       154.4855     -1.9199591E-03  2.5047378E-03
   0.5000000       154.6426     -2.2862996E-03  2.1721232E-03
   0.5000000       154.7998     -2.5953455E-03  1.7862947E-03
   0.5000000       154.9570     -2.8401106E-03  1.3574268E-03
   0.5000000       155.1141     -3.0146458E-03  8.9633715E-04
   0.5000000       155.2713     -3.1147010E-03  4.1396770E-04
   0.5000000       155.4284     -3.1375801E-03 -7.8176119E-05
   0.5000000       155.5856     -3.0839567E-03 -5.6681252E-04
   0.5000000       155.7427     -2.9543783E-03 -1.0411483E-03
   0.5000000       155.8999     -2.7525157E-03 -1.4882303E-03
   0.5000000       156.0571     -2.4832962E-03 -1.8980323E-03
   0.5000000       156.2142     -2.1536506E-03 -2.2607804E-03
   0.5000000       156.3714     -1.7716596E-03 -2.5666691E-03
   0.5000000       156.5285     -1.3472540E-03 -2.8088621E-03
   0.5000000       156.6857     -8.9015433E-04 -2.9812972E-03
   0.5000000       156.8428     -4.1227243E-04 -3.0803781E-03
   0.5000000       157.0000      7.4464951E-05 -3.1033223E-03
